1111111111111111111111111111111111111111111111111111111111111111111111111111111111111111111111111111111111111111111111111111111111111111111111111111111111111111111111111111111111111111111111111111111111111111111111111111111111111
1222222222222222222222222222222222222222222222222222222222222222222222222222222222222222222222222222222222222222222222222222222222222222222222222222222222222222222222222222222222222222222222222222222222222222222222222222222222221
1222222222222222222222222222222222222222222222222222222222222222222222222222222222222222222222222222222222222222222222222222222222222222222222222222222222222222222222222222222222222222222222222222222222222222222222222222222222221
1222222222222222222222222222222222222222222222222222222222222222222222222222222222222222222222222222222222222222222222222222222222222222222222222222222222222222222222222222222222222222222222222222222222222222222222222222222222221
1222222222222222222222222222222222222222222222222222222222222222222222222222222222222222222222222222222222222222222222222222222222222222222222222222222222222222222222222222222222222222222222222222222222222222222222222222222222221
1222222222222222222222222222222222222222222222222222222222222222222222222222222222222222222222222222222222222222222222222222222222222222222222222222222222222222222222222222222222222222222222222222222222222222222222222222222222221
1222222222222222222222222222222222222222222222222222222222222222222222222222222222222222222222222222222222222222222222222222222222222222222222222222222222222222222222222222222222222222222222222222222222222222222222222222222222221
1222222222222222222222222222222222222222222222222222222222222222222222222222222222222222222222222222222222222222222222222222222222222222222222222222222222222222222222222222222222222222222222222222222222222222222222222222222222221
1222222222222222222222222222222222222222222222222222222222222222222222222222222222222222222222222222222222222222222222222222222222222222222222222222222222222222222222222222222222222222222222222222222222222222222222222222222222221
1222222222222222222222222222222222222222222222222222222222222222222222222222222222222222222222222222222222222222222222222222222222222222222222222222222222222222222222222222222222222222222222222222222222222222222222222222222222221
1222222222222222222222222222222222222222222222222222222222222222222222222222222222222222222222222222222222222222222222222222222222222222222222222222222221111111111111111111111111111111111111111111111111111111111111111111111222221
1222222222222222222222222222222222222222222222222222222222222222222222222222222222222222222222222222222222222222222222222222222222222222222222222222222221111111111111111111111111111111111111111111111111111111111111111111111222221
1222222222222222222222222222222222222222222222222222222222222222222222222222222222222222222222222222222222222222222222222222222222222222222222222222222221111111111111111111111111111111111111111111111111111111111111111111111222221
1222222222222222222222222222222222222222222222222222222222222222222222222222222222222222222222222222222222222222222222222222222222222222222222222222222221111111110000000000000000000000111111111111111111111111111111111111111222221
1222222222222222222222222222222222222222222222222222222222222222222222222222222222222222222222222222222222222222222222222222222222222222222222222222222221111111110000000000000000000000111111111111111111111111111111111111111222221
1222222222222222222222222222222222222222222222222222222222222222222222222222222222222222222222222222222222222222222222222222222222222222222222222222222221111111110000000000000000000000111111111111111111111111111111111111111222221
1222222222222222222222222222222222222222222222222222222222222222222222222222222222222222222222222222222222222222222222222222222222222222222222222222222221111111110000000000000000000000000000000000000111111111111111111111111222221
1222222222222222222222222222222222222222222222222222222222222222222222222222222222222222222222222222222222222222222222222222222222222222222222222222222221111111110000000000000000000000000000000000000111111111111111111111111222221
1222222222222222222222222222222222222222222222222222222222222222222222222222222222222222222222222222222222222222222222222222222222222222222222222222222221111111110000000000000000000000111111111111100111111111111111111111111222221
1222222222222222222222222222222222222222222222222222222222222222222222222222222222222222222222222222222222222222222222222222222222222222222222222222222221111111110000000000000000000000111111111111100111111111111111111111111222221
1222222222222222222222222222222222222222222222222222222222222222222222222222222222222222222222222222222222222222222222222222222222222222222222222222222221111111111111111111111111111111111111111111100000000000011111111111111222221
1222222222222222222222222222222222222222222222222222222222222222222222222222222222222222222222222222222222222222222222222222222222222222222222222222222221111111111111111111111111111111111111111111100000000000011111111111111222221
1222222222222222222222222222222222222222222222222222222222222222222222222222222222222222222222222222222222222222222222222222222222222222222222222222222221111111111111111111111111111111111111111111100111111110011111111111111222221
1222222222222222222222222222222222222222222222222222222222222222222222222222222222222222222222222222222222222222222222222222222222222222222222222222222221111111111111111111111111110000000000000000000111111110011111111111111222221
1222222222222222222222222222222222222222222222222222222222222222222222222222222222222222222222222222222222222222222222222222222222222222222222222222222221111111111111111111111111110000000000000000000111111110011111111111111222221
1222222222222222222222222222222222222222222222222222222222222222222222222222222222222222222222222222222222222222222222222222222222222222222222222222222221111111111111111111111111110000000000000000011111111110011111111111111222221
1222222222222222222222222222222222222222222222222222222222222222222222222222222222222222222222222222222222222222222222222222222222222222222222222222222221111111111111111111111111110000000000000000011111111110011111111111111222221
1222222222222222222222222222222222222222222222222222222222222222222222222222222222222222222222222222222222222222222222222222222222222222222222222222222221111111111111111111111111110000000000000000011111111110011111111111111222221
1222222222222222222222222222222222222222222222222222222222222222222222222222222222222222222222222222222222222222222222222222222222222222222222222222222221111111111111111111111111110000000000000000011111111110011111111111111222221
1222222222222222222222222222222222222222222222222222222222222222222222222222222222222222222222222222222222222222222222222222222222222222222222222222222221111111111111111111111111111111111111111111111111111110011111111111111222221
1222222222222222222222222222222222222222222222222222222222222222222222222222222222222222222222222222222222222222222222222222222222222222222222222222222221111111111111111111111111111111111111111111111111111110011111111111111222221
1222222222222222222222222222222222222222222222222222222222222222222222222222222222222222222222222222222222222222222222222222222222222222222222222222222221111111111111111111111111111111111111111111111111111110011111111111111222221
1222222222222222222222222222222222222222222222222222222222222222222222222222222222222222222222222222222222222222222222222222222222222222222222222222222221111111111111111111111111111111111111111111111111111110011111111111111222221
1222222222222222222222222222222222222222222222222222222222222222222222222222222222222222222222222222222222222222222222222222222222222222222222222222222221111111111000000000000000000000000000000000000000000000011111111111111222221
1222222222222222222222222222222222222222222222222222222222222222222222222222222222222222222222222222222222222222222222222222222222222222222222222222222221111111111000000000000000000000000000000000000000000000011111111111111222221
1222222222222222222222222222222222222222222222222222222222222222222222222222222222222222222222222222222222222222222222222222222222222222222222222222222221111111111000000000000000000000111111111111111111111111111111111111111222221
1222222222222222222222222222222222222222222222222222222222222222222222222222222222222222222222222222222222222222222222222222222222222222222222222222222221111111111000000000000000000000111111111111111111111111111111111111111222221
1222222222222222222222222222222222222222222222222222222222222222222222222222222222222222222222222222222222222222222222222222222222222222222222222222222221111111111000000000000000000000111111111111111111111111111111111111111222221
1222222222222222222222222222222222222222222222222222222222222222222222222222222222222222222222222222222222222222222222222222222222222222222222222222222221111111111000000000000000000000111111111111111111111111111111111111111222221
1222222222222222222222222222222222222222222222222222222222222222222222222222222222222222222222222222222222222222222222222222222222222222222222222222222221111111111000000000000000000000111111111111111111111111111111111111111222221
1222222222222222222222222222222222222222222222222222222222222222222222222222222222222222222222222222222222222222222222222222222222222222222222222222222221111111111111111110011111111111111111111111111111111111111111111111111222221
1222222222222222222222222222222222222222222222222222222222222222222222222222222222222222222222222222222222222222222222222222222222222222222222222222222221111111111111111110011111111111111111111111111111111111111111111111111222221
1222222222222222222222222222222222222222222222222222222222222222222222222222222222222222222222222222222222222222222222222222222222222222222222222222222221111111111111111110011111111111111111111111111111111111111111111111111222221
1222222222222222222222222222222222222222222222222222222222222222222222222222222222222222222222222222222222222222222222222222222222222222222222222222222221111111111111111110011111111111111111111111111111111111111111111111111222221
1222222222222222222222222222222222222222222222222222222222222222222222222222222222222222222222222222222222222222222222222222222222222222222222222222222221111111111111111110011111111111111111111111111111111111111111111111111222221
1222222222222222222222222222222222222222222222222222222222222222222222222222222222222222222222222222222222222222222222222222222222222222222222222222222221111111111111111110011111111111111111111111111111111111111111111111111222221
1222222222222222222222222222222222222222222222222222222222222222222222222222222222222222222222222222222222222222222222222222222222222222222222222222222221111111111111111110011111111111100000000000011111111111111111111111111222221
1222222222222222222222222222222222222222222222222222222222222222222222222222222222222222222222222222222222222222222222222222222222222222222222222222222221111111111111111110011111111111100000000000011111111111111111111111111222221
1222222222222222222222222222222222222222222222222222222222222222222222222222222222222222222222222222222222222222222222222222222222222222222222222222222221111111111111111110011111111111100000000000011111111111111111111111111222221
1222222222222222222222222222222222222222222222222222222222222222222222222222222222222222222222222222222222222222222222222222222222222222222222222222222221111111111111111110011111111111100000000000011111111111111111111111111222221
1222222222222222222222222222222222222222222222222222222222222222222222222222222222222222222222222222222222222222222222222222222222222222222222222222222221111111111111111110011111111111111100000011111111111111111111111111111222221
1222222222222222222222222222222222222222111111111111111111111111111111111111111111111111111111111111111111111111111111111111111111111111111122222222222221111111111111111110000000000000000000000000000000000000000011111111111222221
1222222222222222222222222222222222222222111111111111111111111111111111111111111111111111111111111111111111111111111111111111111111111111111122222222222221111111111111111110000000000000000000000000000000000000000011111111111222221
1222222222222222222222222222222222222222111100000000000000000000000000000000001111111111111111111111111111111111111111111111111111111111111122222222222221111111111111111111111111111111111111111111111111111111110011111111111222221
1222222222222222222222222222222222222222111100000000000000000000000000000000001111111111111111111111111111111111111111111111111111111111111122222222222221111111111111111111111111111111111111111111111111111111110011111111111222221
1222222222222222222222222222222222222222111100000111111111111111111111111111001111111111111111111111111111111111111111111111111111111111111122222222222221111111111111111111111111111111111111111111111111111111110011111111111222221
1222222222222222222222222222222222222222111100000111111111111111111111111111001111111111111111111111111110000000001111111111111111111111111122222222222221111111111111111111111111111111111111111111111111111111110011111111111222221
1222222222222222222222222222222222222222111100000111111111111111111111111111001111111111111111111111111110000000001111111111111111111111111122222222222221111111111111111111111111111111111111111111111111111111110011111111111222221
1222222222222222222222222222222222222222111100000111111111111111111111111111001111111111111111111111111110000000001111111111111111111111111122222222222221111111111111111111111111111111111111111111111111111111110011111111111222221
1222222222222222222222222222222222222222111111111111111111111111111111111111001111111111111111111111111110000000001111111111111111111111111122222222222221111111111111111111111111111111111111111111111111111111110011111111111222221
1222222222222222222222222222222222222222111111111111111111111111111111111111001111111111111111111111111110000000001111111111111111111111111122222222222221111111111111111111111111111111111111111111111111111111110011111111111222221
1222222222222222222222222222222222222222111111111111111111111111111110000000000000000111111111111111111110000000001111111111111111111111111122222222222221111111111111111111111111111111111111111111111111111111110011111111111222221
1222222222222222222222222222222222222222111111111111111111111111111110000000000000000111111111111111111110000000001111111111111111111111111122222222222221111111111111111111111111111100000000000000000000000000000011111111111222221
1222222222222222222222222222222222222222111111111111111111111111111110000000000000000111111111111111111110000000001111111111111111111111111122222222222221111111111111111111111111111100000000000000000000000000000011111111111222221
1222222222222222222222222222222222222222111111111111111111111111111110000000000000000111111111111111111110000000001111111111111111111111111122222222222221111111111111111111111111111100000000000000000000000000001111111111111222221
1222222222222222222222222222222222222222111111111111111111111111111110000000000000000111111111111111111110000000001111111111111111111111111122222222222221111111111111111111111111111100000000000000000000000000001111111111111222221
1222222222222222222222222222222222222222111111111111111111111111111110000000000000000111111111111111111110000000001111111111111111111111111122222222222221111111111111111111111111111100000000000000000000000000001111111111111222221
1222222222222222222222222222222222222222111111111111111111111111111110000000000000000111111111111111111110000000001111111111111111111111111122222222222221111111111111111111111111111100000000000000000000000000001111111111111222221
1222222222222222222222222222222222222222111111111000000000000000000000000000000000000000000000000000001111111001111111111111111111111111111122222222222221111111111111111111111111111100000000000000000000000000001111111111111222221
1222222222222222222222222222222222222222111111111000000000000000000000000000000000000000000000000000001111111001111111111111111111111111111122222222222221111111111111111111111111111100111111111111111111111111111111111111111222221
1222222222222222222222222222222222222222111111111001111111111111111110000000000000000111111111111111001111111001111111111111111111111111111122222222222221111111111111111111111111111100111111111111111111111111111111111111111222221
1222222222222222222222222222222222222222111111111001111111111111111110000000000000000111111111111111001111111001111111111111111111111111111122222222222221111111111111111111111111111100111111111111111111111111111111111111111222221
1222222222222222222222222222222222222222111111111001111111111111111110000000000000000111111111111111001111111001111111111111111111111111111122222222222221111111111111111111111111111100111111111111111111111111111111111111111222221
1222222222222222222222222222222222222222111111111001111111111111111110000000000000000111111111111111001111111001111111111111111111111111111122222222222221111111111111111111111111111100111111111111111111111111111111111111111222221
1222222222222222222222222222222222222222111111111001111111111111111110000000000000000111111111111111001111111001111111111111111111111111111122222222222221111111111111111111111111111100111111111111111111111111111111111111111222221
1222222222222222222222222222222222222222111111111001111111111111111111111111111111111111111111111111001111111001111111111111111111111111111122222222222221111111111111111111111111111100111111111111111111111111111111111111111222221
1222222222222222222222222222222222222222111111111001111111111111111111111111111111111111111111111111001111111001111111111111111111111111111122222222222221111111111111111111111111111100111111111111111111111111111111111111111222221
1222222222222222222222222222222222222222111111111001111111111111111111111111111111111111111111110000000001111001111111111111111111111111111122222222222221111111111111111111111111111100111111111111111111111111111111111111111222221
1222222222222222222222222222222222222222111110000000000001111111111111111111111111111111111111110000000001111001111111111111111111111111111122222222222221111111111111111111111111110000001111111111111111111111111111111111111222221
1222222222222222222222222222222222222222111110000000000001111111111111111111111111111111111111110000000001111001111111111111111111111111111122222222222221111111111111111111111111110000001111111111111111111111111111111111111222221
1222222222222222222222222222222222222222111110000000000001111111111111111111111111111111111111110000000001111001111111111111111111111111111122222222222222222222222222222222222222222222222222222222222222222222222222222222222222221
1222222222222222222222222222222222222222111110000000000001111111111111111111111111111111111111110000000001111001111111111111111111111111111122222222222222222222222222222222222222222222222222222222222222222222222222222222222222221
1222222222222222222222222222222222222222111110000000000001111000000001111111110000000000001111110000000001111001111111111111111111111111111122222222222222222222222222222222222222222222222222222222222222222222222222222222222222221
1222222222222222222222222222222222222222111110000000000001111000000001111111110000000000001111110000000001111001111111111111111111111111111122222222222222222222222222222222222222222222222222222222222222222222222222222222222222221
1222222222222222222222222222222222222222111110000000000001111000000001111111110000000000001111110000000001111001111111111111111111111111111122222222222222222222222222222222222222222222222222222222222222222222222222222222222222221
1222222222222222222222222222222222222222111110000000000001111000000001111111110000000000001111110000000001111001111111111111111111111111111122222222222222222222222222222222222222222222222222222222222222222222222222222222222222221
1222222222222222222222222222222222222222111110000000000000000000000000000000000000000000000000000000000000000001111111111111111111111111111122222222222222222222222222222222222222222222222222222222222222222222222222222222222222221
1222222222222222222222222222222222222222111110000000000000000000000000000000000000000000000000000000000000000001111111111111111111111111111122222222222222222222222222222222222222222222222222222222222222222222222222222222222222221
1222222222222222222222222222222222222222111110000000000001111000000001111110010000000000001111110000000001111001111111111111111111111111111122222222222222222222222222222222222222222222222222222222222222222222222222222222222222221
1222222222222222222222222222222222222222111110000000000001111000000001111110010000000000001111111111001111111001111111111111111111111111111122222222222222222222222222222222222222222222222222222222222222222222222222222222222222221
1222222222222222222222222222222222222222111110000000000001111000000001111110010000000000001111111111001111111001111111111111111111111111111122222222222222222222222222222222222222222222222222222222222222222222222222222222222222221
1222222222222222222222222222222222222222111110000000000001111111111111111110010000000000001111111111001111111001111111111111111111111111111122222222222222222222222222222222222222222222222222222222222222222222222222222222222222221
1222222222222222222222222222222222222222111110000000000001111111111111111110010000000000001111111111001111111001111111111111111111111111111122222222222222222222222222222222222222222222222222222222222222222222222222222222222222221
1222222222222222222222222222222222222222111110000000000001111111111111111110010000000000001111111111001111111001111111111111111111111111111122222222222222222222222222222222222222222222222222222222222222222222222222222222222222221
1222222222222222222222222222222222222222111111111000011111111111111111111110010000000000001111111111001111111001111111111111111111111111111122222222222222222222222222222222222222222222222222222222222222222222222222222222222222221
1222222222222222222222222222222222222222111111111000011111111111111111111110010000000000001111111111001111111001111111111111111111111111111122222222222222222222222222222222222222222222222222222222222222222222222222222222222222221
1222222222222222222222222222222222222222111111111000011111111111111111111110011111110011111111111111001111111001111111111111111111111111111122222222222222222222222222222222222222222222222222222222222222222222222222222222222222221
1222222222222222222222222222222222222222111111111000011111111111111111111110011111110011111111111111001111111001111111111111111111111111111122222222222222222222222222222222222222222222222222222222222222222222222222222222222222221
1222222222222222222222222222222222222222111111111000011111111111111111111110011111110011111111111111001111111001111111111111111111111111111122222222222222222222222222222222222222222222222222222222222222222222222222222222222222221
1222222222222222222222222222222222222222111111111000011111111111111111111110011111110011111111111111001111111001111111111111111111111111111122222222222222222222222222222222222222222222222222222222222222222222222222222222222222221
1222222222222222222222222222222222222222111111111000011111111111111111111110011111110011111111111111001111111001111111111111111111111111111122222222222222222222222222222222222222222222222222222222222222222222222222222222222222221
1222222222222222222222222222222222222222111111111000011111111111111111111110011111110011111111111111001111111001111111111111111111111111111122222222222222222222222222222222222222222222222222222222222222222222222222222222222222221
1222222222222222222222222222222222222222111111111000011111111111111111111110011111110011111111111111001111111001111111111111111111111111111122222222222222222222222222222222222222222222222222222222222222222222222222222222222222221
1222222222222222222222222222222222222222111111111000011111111111111111111110011111110011111111111111001111111001111111111111111111111111111122222222222222222222222222222222222222222222222222222222222222222222222222222222222222221
1222222222222222222222222222222222222222111111111000011111111111111111100000000000110011111111111111001111111001111111111111111111111111111122222222222222222222222222222222222222222222222222222222222222222222222222222222222222221
1222222222222222222222222222222222222222111111111000011111111111111111100000000000110011111111111111001111111001111111111111111111111111111122222222222222222222222222222222222222222222222222222222222222222222222222222222222222221
1222222222222222222222222222222222222222111111111000011111111111111111100000000000110011111111111111001111110000000000001111111111111111111122222222222222222222222222222222222222222222222222222222222222222222222222222222222222221
1222222222222222222222222222222222222222110000000000011111111111111111100000000000110011111111111111001111110000000000001111111111111111111122222222222222222222222222222222222222222222222222222222222222222222222222222222222222221
1222222222222222222222222222222222222222110000000000000000000000000000000000000000110011111111111111001111110000000000001111111111111111111122222222222222222222222222222222222222222222222222222222222222222222222222222222222222221
1222222222222222222222222222222222222222110000000000000000000000000000000000000000110011111111111111001111110000000000001111111111111111111122222222222222222222222222222222222222222222222222222222222222222222222222222222222222221
1222222222222222222222222222222222222222110000000000011111111111111111100000000000110011111111111111001111110000000000001111111111111111111122222222222222222222222222222222222222222222222222222222222222222222222222222222222222221
1222222222222222222222222222222222222222110000000000011111111111111111100000000000110011111111111111000000000000000000001111111111111111111122222222222222222222222222222222222222222222222222222222222222222222222222222222222222221
1222222222222222222222222222222222222222110000000000011111111111111111111110001111110011111111111111000000000000000000001111111111111111111122222222222222222222222222222222222222222222222222222222222222222222222222222222222222221
1222222222222222222222222222222222222222110000000000000000000000000000000000000000000011111111111111111111110000000000001111111111111111111122222222222222222222222222222222222222222222222222222222222222222222222222222222222222221
1222222222222222222222222222222222222222110000000000000000000000000000000000000000000011111111111111111111110000000000001111111111111111111122222222222222222222222222222222222222222222222222222222222222222222222222222222222222221
1222222222222222222222222222222222222222110000000000011111111111111110000000000001110011111111111111111111110000000000001111111111111111111122222222222222222222222222222222222222222222222222222222222222222222222222222222222222221
1222222222222222222222222222222222222222110000000000011111111111111110000000000001110011111111111111111111111001110011111111111111111111111122222222222222222222222222222222222222222222222222222222222222222222222222222222222222221
1222222222222222222222222222222222222222110000000000011111111111111110000000000001110011111111111111111111111001110011111111111111111111111122222222222222222222222222222222222222222222222222222222222222222222222222222222222222221
1222222222222222222222222222222222222222110000000000011111111111111110000000000001110011111111111111111111111001110011111111111111111111111122222222222222222222222222222222222222222222222222222222222222222222222222222222222222221
1222222222222222222222222222222222222222110000000000011111111111111110000000000001110011111111111111111111111001110011111111111111111111111122222222222222222222222222222222222222222222222222222222222222222222222222222222222222221
1222222222222222222222222222222222222222111111100001111111111111111110000000000001110011111111111111111111111001110011111111111111111111111122222222222222222222222222222222222222222222222222222222222222222222222222222222222222221
1222222222222222222222222222222222222222111111100001111111111111111110000000000001110011111111111111111111111001110011111111111111111111111122222222222222222222222222222222222222222222222222222222222222222222222222222222222222221
1222222222222222222222222222222222222222111111100001111111111111111110000000000001110011111111110000000000001001110011111111111111111111111122222222222222222222222222222222222222222222222222222222222222222222222222222222222222221
1222222222222222222222222222222222222222111111100001111111111111111110000000000001110011111111110000000000001001110000000000000000011111111122222222222222222222222222222222222222222222222222222222222222222222222222222222222222221
1222222222222222222222222222222222222222111111100001111111111111111110000000000001110011111111110000000000001001110000000000000000011111111122222222222222222222222222222222222222222222222222222222222222222222222222222222222222221
1222222222222222222222222222222222222222111111100001111111111111111111111111001111110011111111110000000000001001110000000000000000011111111122222222222222222222222222222222222222222222222222222222222222222222222222222222222222221
1222222222222222222222222222222222222222111111100001111111111111111111111111001111110000000000000000000000001001110000000000000000011111111122222222222222222222222222222222222222222222222222222222222222222222222222222222222222221
1222222222222222222222222222222222222222111111100001111111111111111111111111001111110000000000000000000000001001110000000000000000011111111122222222222222222222222222222222222222222222222222222222222222222222222222222222222222221
1222222222222222222222222222222222222222111111100001111111111111111111111111000000000000001111110000000000001001110000000000000000011111111122222222222222222222222222222222222222222222222222222222222222222222222222222222222222221
1222222222222222222222222222222222222222111111100001111111111111111111111111000000000000001111110000000000001001110000000000000000011111111122222222222222222222222222222222222222222222222222222222222222222222222222222222222222221
1222222222222222222222222222222222222222111111100001111111111111111111111111000000000000001111110000000000000000000000000000000000011111111122222222222222222222222222222222222222222222222222222222222222222222222222222222222222221
1222222222222222222222222222222222222222111111100001111111111111111111111111000000000000001111111111110000000000000000000000000000011111111122222222222222222222222222222222222222222222222222222222222222222222222222222222222222221
1222222222222222222222222222222222222222111111100000000000000000000000000000000000000000001111111111111111111001111100000000000000011111111122222222222222222222222222222222222222222222222222222222222222222222222222222222222222221
1222222222222222222222222222222222222222111111100000000000000000000000000000000000000000001111111111111111111001111100000000000000011111111122222222222222222222222222222222222222222222222222222222222222222222222222222222222222221
1222222222222222222222222222222222222222111111111001111111111111111111111111100000000000001111111111111111111001111100000000000000011111111122222222222222222222222222222222222222222222222222222222222222222222222222222222222222221
1222222222222222222222222222222222222222111111111001111111111111111111111111100000000000001111111111111111111001111100000000000000011111111122222222222222222222222222222222222222222222222222222222222222222222222222222222222222221
1222222222222222222222222222222222222222111111111001111111111111111111111111111111111111111111111111111111111001111100000000000000011111111122222222222222222222222222222222222222222222222222222222222222222222222222222222222222221
1222222222222222222222222222222222222222111111111001111111111111111111111111111111111111111111111111111111111001111100000000000000011111111122222222222222222222222222222222222222222222222222222222222222222222222222222222222222221
1222222222222222222222222222222222222222100000000000000001111111111111111111111111111111111111111111111111111001111111111111111111111111111122222222222222222222222111111111111111111111111111111111111111111111111112222222222222221
1222222222222222222222222222222222222222100000000000000001111111111111111111111111111111111111111111111111111001111111111111111111111111111122222222222222222222222111111111111100000000000000000000111111111111111112222222222222221
1222222222222222222222222222222222222222100000000000000001111111111111111111111111111111111111111111111111111001111111111111111111111111111122222222222222222222222111111111111100000000000000000000111111111111111112222222222222221
1222222222222222222222222222222222222222100000000000000001111111111111111111111111111111111111111111111111111001111111111111111111111111111122222222222222222222222111111111111100000000000000000000111111111111111112222222222222221
1222222222222222222222222222222222222222100000000000000001111111111111111111111111111111111111111111111111111001111111111111111111111111111122222222222222222222222111111111111100000000000000000000111111111111111112222222222222221
1222222222222222222222222222222222222222100000000000000000000000000000000000000000000000000000000000000000000001111111111111111111111111111122222222222222222222222111111111111100111111111111111111111111111111111112222222222222221
1222222222222222222222222222222222222222100000000000000000000000000000000000000000000000000000000000000000000001111111111111111111111111111122222222222222222222222111111111111100111111111111111111111111111111111112222222222222221
1222222222222222222222222222222222222222100000000000000001111111111111111111111111111111111111111111111111111111111111111111111111111111111122222222222222222222222111111111111100111111111111111111111111111111111112222222222222221
1222222222222222222222222222222222222222100000000000000001111111111111111111111111111111111111111111111111111111111111111111111111111111111122222222222222222222222111111111111100111111111111111111100000000001111112222222222222221
1222222222222222222222222222222222222222100000000000000001111111111111111111111111111111111111111111111111111111111111111111111111111111111122222222222222222222222111111111110000000000111111111111100000000001111112222222222222221
1222222222222222222222222222222222222222100000000000000001111111111111111111111111111111111111111111111111111111111111111111111111111111111122222222222222222222222111111111110000000000111111111111100000000001111112222222222222221
1222222222222222222222222222222222222222111111111111111111111111111111111111111111111111111111111111111111111111111111111111111111111111111122222222222222222222222111111111110000000000000000000000000000000001111112222222222222221
1222222222222222222222222222222222222222111111111111111111111111111111111111111111111111111111111111111111111111111111111111111111111111111122222222222222222222222111111111110000000000000000000000000000000001111112222222222222221
1222222222222222222222222222222222222222222222222222222222222222222222222222222222222222222222222222222222222222222222222222222222222222222222222222222222222222222111111111110000000000111111111111100000000001111112222222222222221
1222222222222222222222222222222222222222222222222222222222222222222222222222222222222222222222222222222222222222222222222222222222222222222222222222222222222222222111111111110011111111111111111111111111111111111112222222222222221
1222222222222222222222222222222222222222222222222222222222222222222222222222222222222222222222222222222222222222222222222222222222222222222222222222222222222222222111111111110011111111111111111111111111111111111112222222222222221
1222222222222222222222222222222222222222222222222222222222222222222222222222222222222222222222222222222222222222222222222222222222222222222222222222222222222222222111111111110011111111111111111111111111111111111112222222222222221
1222222222222222222222222222222222222222222222222222222222222222222222222222222222222222222222222222222222222222222222222222222222222222222222222222222222222222222111111111110011100000000000000000111111111111111112222222222222221
1222222222222222222222222222222222222222222222222222222222222222222222222222222222222222222222222222222222222222222222222222222222222222222222222222222222222222222111111111110011100000000000000000111111111111111112222222222222221
1222222222222222222222222222222222222222222222222222222222222222222222222222222222222222222222222222222222222222222222222222222222222222222222222222222222222222222111111111110000000111111111111100111111111111111112222222222222221
1222222222222222222222222222222222222222222222222222222222222222222222222222222222222222222222222222222222222222222222222222222222222222222222222222222222222222222111111111110000000111111111111100111111111111111112222222222222221
1222222222222222222222222222222222222222222222222222222222222222222222222222222222222222222222222222222222222222222222222222222222222222222222222222222222222222222111111111111111111111111111111100111111111111111112222222222222221
1222222222222222222222222222222222222222222222222222222222222222222222222222222222222222222222222222222222222222222222222222222222222222222222222222222222222222222111111111111111111111111111111100111111111111111112222222222222221
1222222222222222222222222222222222222222222222222222222222222222222222222222222222222222222222222222222222222222222222222222222222222222222222222222222222222222222111111111111111111111111111111100111111111111111112222222222222221
1222222222222222222222222222222222222222222222222222222222222222222222222222222222222222222222222222222222222222222222222222222222222222222222222222222222222222222111111111111111111111110000000000111111111111111112222222222222221
1222222222222222222222222222222222222222222222222222222222222222222222222222222222222222222222222222222222222222222222222222222222222222222222222222222222222222222111111111111111111111110000000000111111111111111112222222222222221
1222222222222222222222222222222222222222222222222222222222222222222222222222222222222222222222222222222222222222222222222222222222222222222222222222222222222222222111111111111111111111110000000000111111111111111112222222222222221
1222222222222222222222222222222222222222222222222222222222222222222222222222222222222222222222222222222222222222222222222222222222222222222222222222222222222222222111111111111111110000000000000000111111111111111112222222222222221
1222222222222222222222222222222222222222222222222222222222222222222222222222222222222222222222222222222222222222222222222222222222222222222222222222222222222222222111111111111111110000000000000000111111111111111112222222222222221
1222222222222222222222222222222222222222222222222222222222222222222222222222222222222222222222222222222222222222222222222222222222222222222222222222222222222222222111111111111111110011110000000000111111111111111112222222222222221
1222222222222222222222222222222222222222222222222222222222222222222222222222222222222222222222222222222222222222222222222222222222222222222222222222222222222222222111111111111111110011110000000000111111111111111112222222222222221
1222222222222222222222222222222222222222222222222222222222222222222222222222222222222222222222222222222222222222222222222222222222222222222222222222222222222222222000000000000000000011110000000000111111111111111112222222222222221
1222222222222222222222222222222222222222222222222222222222222222222222222222222222222222222222222222222222222222222222222222222222222222222222222222222222222222222000000000000000000011111111111111111111111111111112222222222222221
1222222222222222222222222222222222222222222222222222222222222222222222222222222222222222222222222222222222222222222222222222222222222222222222222222222222222222222111110011111111111111111111111111111111111111111112222222222222221
1222222222222222222222222222222222222222222222222222222222222222222222222222222222222222222222222222222222222222222222222222222222222222222222222222222222222222222111110011111111111111111111111111111111111111111112222222222222221
1222222222222222222222222222222222222222222222222222222222222222222222222222222222222222222222222222222222222222222222222222222222222222222222222222222222222222222111110011111111111111111111111111111111111111111112222222222222221
1222222222222222222222222222222222222222222222222222222222222222222222222222222222222222222222222222222222222222222222222222222222222222222222222222222222222222222111110000000000000001111111111111111111111111111112222222222222221
1222222222222222222222222222222222222222222222222222222222222222222222222222222222222222222222222222222222222222222222222222222222222222222222222222222222222222222111110000000000000001111111111111111111111111111112222222222222221
1222222222222222222222222222222222222222222222222222222222222222222222222222222222222222222222222222222222222222222222222222222222222222222222222222222222222222222111111111111110000001111111111111111111111111111112222222222222221
1222222222222222222222222222222222222222222222222222222222222222222222222222222222222222222222222222222222222222222222222222222222222222222222222222222222222222222111111111111110000001111111111111111111111111111112222222222222221
1222222222222222222222222222222222222222222222222222222222222222222222222222222222222222222222222222222222222222222222222222222222222222222222222222222222222222222111111111111110000000111111111111111111111111111112222222222222221
1222222222222222222222222222222222222222222222222222222222222222222222222222222222222222222222222222222222222222222222222222222222222222222222222222222222222222222111111111111111111111111111111111111111111111111112222222222222221
1222222222222222222222222222222222222222222222222222222222222222222222222222222222222222222222222222222222222222222222222222222222222222222222222222222222222222222111111111111111111111111111111111111111111111111112222222222222221
1222222222222222222222222222222222222222222222222222222222222222222222222222222222222222222222222222222222222222222222222222222222222222222222222222222222222222222111111111111111111111111111111111111111111111111112222222222222221
1222222222222222222222222222222222222222222222222222222222222222222222222222222222222222222222222222222222222222222222222222222222222222222222222222222222222222222111111111111111111111111111111111111111111111111112222222222222221
1222222222222222222222222222222222222222222222222222222222222222222222222222222222222222222222222222222222222222222222222222222222222222222222222222222222222222222111111111111111111111111111111111111111111111111112222222222222221
1222222222222222222222222222222222222222222222222222222222222222222222222222222222222222222222222222222222222222222222222222222222222222222222222222222222222222222111111111111111111111111111111111111111111111111112222222222222221
1222222222222222222222222222222222222222222222222222222222222222222222222222222222222222222222222222222222222222222222222222222222222222222222222222222222222222222111111111111111111111111111111111111111111111111112222222222222221
1222222222222222222222222222222222222222222222222222222222222222222222222222222222222222222222222222222222222222222222222222222222222222222222222222222222222222222111111111111111111111111111111111111111111111111112222222222222221
1222222222222222222222222222222222222222222222222222222222222222222222222222222222222222222222222222222222222222222222222222222222222222222222222222222222222222222111111111111111111111111111111111111111111111111112222222222222221
1222222222222222222222222222222222222222222222222222222222222222222222222222222222222222222222222222222222222222222222222222222222222222222222222222222222222222222222222222222222222222222222222222222222222222222222222222222222221
1222222222222222222222222222222222222222222222222222222222222222222222222222222222222222222222222222222222222222222222222222222222222222222222222222222222222222222222222222222222222222222222222222222222222222222222222222222222221
1222222222222222222222222222222222222222222222222222222222222222222222222222222222222222222222222222222222222222222222222222222222222222222222222222222222222222222222222222222222222222222222222222222222222222222222222222222222221
1222222222222222222222222222222222222222222222222222222222222222222222222222222222222222222222222222222222222222222222222222222222222222222222222222222222222222222222222222222222222222222222222222222222222222222222222222222222221
1222222222222222222222222222222222222222222222222222222222222222222222222222222222222222222222222222222222222222222222222222222222222222222222222222222222222222222222222222222222222222222222222222222222222222222222222222222222221
1222222222222222222222222222222222222222222222222222222222222222222222222222222222222222222222222222222222222222222222222222222222222222222222222222222222222222222222222222222222222222222222222222222222222222222222222222222222221
1222222222222222222222222222222222222222222222222222222222222222222222222222222222222222222222222222222222222222222222222222222222222222222222222222222222222222222222222222222222222222222222222222222222222222222222222222222222221
1222222222222222222222222222222222222222222222222222222222222222222222222222222222222222222222222222222222222222222222222222222222222222222222222222222222222222222222222222222222222222222222222222222222222222222222222222222222221
1222222222222222222222222222222222222222222222222222222222222222222222222222222222222222222222222222222222222222222222222222222222222222222222222222222222222222222222222222222222222222222222222222222222222222222222222222222222221
1222222222222222222222222222222222222222222222222222222222222222222222222222222222222222222222222222222222222222222222222222222222222222222222222222222222222222222222222222222222222222222222222222222222222222222222222222222222221
1222222222222222222222222222222222222222222222222222222222222222222222222222222222222222222222222222222222222222222222222222222222222222222222222222222222222222222222222222222222222222222222222222222222222222222222222222222222221
1222222222222222222222222222222222222222222222222222222222222222222222222222222222222222222222222222222222222222222222222222222222222222222222222222222222222222222222222222222222222222222222222222222222222222222222222222222222221
1222222222222222222222222222222222222222222222222222222222222222222222222222222222222222222222222222222222222222222222222222222222222222222222222222222222222222222222222222222222222222222222222222222222222222222222222222222222221
1222222222222222222222222222222222222222222222222222222222222222222222222222222222222222222222222222222222222222222222222222222222222222222222222222222222222222222222222222222222222222222222222222222222222222222222222222222222221
1222222222222222222222222222222222222222222222222222222222222222222222222222222222222222222222222222222222222222222222222222222222222222222222222222222222222222222222222222222222222222222222222222222222222222222222222222222222221
1222222222222222222222222222222222222222222222222222222222222222222222222222222222222222222222222222222222222222222222222222222222222222222222222222222222222222222222222222222222222222222222222222222222222222222222222222222222221
1222222222222222222222222222222222222222222222222222222222222222222222222222222222222222222222222222222222222222222222222222222222222222222222222222222222222222222222222222222222222222222222222222222222222222222222222222222222221
1222222222222222222222222222222222222222222222222222222222222222222222222222222222222222222222222222222222222222222222222222222222222222222222222222222222222222222222222222222222222222222222222222222222222222222222222222222222221
1222222222222222222222222222222222222222222222222222222222222222222222222222222222222222222222222222222222222222222222222222222222222222222222222222222222222222222222222222222222222222222222222222222222222222222222222222222222221
1222222222222222222222222222222222222222222222222222222222222222222222222222222222222222222222222222222222222222222222222222222222222222222222222222222222222222222222222222222222222222222222222222222222222222222222222222222222221
1222222222222222222222222222222222222222222222222222222222222222222222222222222222222222222222222222222222222222222222222222222222222222222222222222222222222222222222222222222222222222222222222222222222222222222222222222222222221
1222222222222222222222222222222222222222222222222222222222222222222222222222222222222222222222222222222222222222222222222222222222222222222222222222222222222222222222222222222222222222222222222222222222222222222222222222222222221
1222222222222222222222222222222222222222222222222222222222222222222222222222222222222222222222222222222222222222222222222222222222222222222222222222222222222222222222222222222222222222222222222222222222222222222222222222222222221
1222222222222222222222222222222222222222222222222222222222222222222222222222222222222222222222222222222222222222222222222222222222222222222222222222222222222222222222222222222222222222222222222222222222222222222222222222222222221
1222222222222222222222222222222222222222222222222222222222222222222222222222222222222222222222222222222222222222222222222222222222222222222222222222222222222222222222222222222222222222222222222222222222222222222222222222222222221
1222222222222222222222222222222222222222222222222222222222222222222222222222222222222222222222222222222222222222222222222222222222222222222222222222222222222222222222222222222222222222222222222222222222222222222222222222222222221
1222222222222222222222222222222222222222222222222222222222222222222222222222222222222222222222222222222222222222222222222222222222222222222222222222222222222222222222222222222222222222222222222222222222222222222222222222222222221
1222222222222222222222222222222222222222222222222222222222222222222222222222222222222222222222222222222222222222222222222222222222222222222222222222222222222222222222222222222222222222222222222222222222222222222222222222222222221
1222222222222222222222222222222222222222222222222222222222222222222222222222222222222222222222222222222222222222222222222222222222222222222222222222222222222222222222222222222222222222222222222222222222222222222222222222222222221
1222222222222222222222222222222222222222222222222222222222222222222222222222222222222222222222222222222222222222222222222222222222222222222222222222222222222222222222222222222222222222222222222222222222222222222222222222222222221
1222222222222222222222222222222222222222222222222222222222222222222222222222222222222222222222222222222222222222222222222222222222222222222222222222222222222222222222222222222222222222222222222222222222222222222222222222222222221
1222222222222222222222222222222222222222222222222222222222222222222222222222222222222222222222222222222222222222222222222222222222222222222222222222222222222222222222222222222222222222222222222222222222222222222222222222222222221
1222222222222222222222222222222222222222222222222222222222222222222222222222222222222222222222222222222222222222222222222222222222222222222222222222222222222222222222222222222222222222222222222222222222222222222222222222222222221
1222222222222222222222222222222222222222222222222222222222222222222222222222222222222222222222222222222222222222222222222222222222222222222222222222222222222222222222222222222222222222222222222222222222222222222222222222222222221
1222222222222222222222222222222222222222222222222222222222222222222222222222222222222222222222222222222222222222222222222222222222222222222222222222222222222222222222222222222222222222222222222222222222222222222222222222222222221
1222222222222222222222222222222222222222222222222222222222222222222222222222222222222222222222222222222222222222222222222222222222222222222222222222222222222222222222222222222222222222222222222222222222222222222222222222222222221
1222222222222222222222222222222222222222222222222222222222222222222222222222222222222222222222222222222222222222222222222222222222222222222222222222222222222222222222222222222222222222222222222222222222222222222222222222222222221
1222222222222222222222222222222222222222222222222222222222222222222222222222222222222222222222222222222222222222222222222222222222222222222222222222222222222222222222222222222222222222222222222222222222222222222222222222222222221
1222222222222222222222222222222222222222222222222222222222222222222222222222222222222222222222222222222222222222222222222222222222222222222222222222222222222222222222222222222222222222222222222222222222222222222222222222222222221
1222222222222222222222222222222222222222222222222222222222222222222222222222222222222222222222222222222222222222222222222222222222222222222222222222222222222222222222222222222222222222222222222222222222222222222222222222222222221
1222222222222222222222222222222222222222222222222222222222222222222222222222222222222222222222222222222222222222222222222222222222222222222222222222222222222222222222222222222222222222222222222222222222222222222222222222222222221
1111111111111111111111111111111111111111111111111111111111111111111111111111111111111111111111111111111111111111111111111111111111111111111111111111111111111111111111111111111111111111111111111111111111111111111111111111111111111