11111111111111111111111111111111111111111111111111111111111111111111111111111111111111111111111111111111111111111111111111111111111111111111111111111111111111111111111111111111111111111111111111111111111111111111111111111111111111
12222222222222222222222222222222222222222222222222222222222222222222222222222222222222222222222222222222222222222222222222222222222222222222222222222222222222222222222222222222222222222222222222222222222222222222222222222222222221
12222222222222222222222222222222222222222222222222222222222222222222222222222222222222222222222222222222222222222222222222222222222222222222222222222222222222222222222222222222222222222222222222222222222222222222222222222222222221
12222222222222222222222222222222222222222222222222222222222222222222222222222222222222222222222222222222222222222222222222222222222222222222222222222222222222222222222222222222222222222222222222222222222222222222222222222222222221
12222222222222222222222222222222222222222222222222222222222222222222222222222222222222222222222222222222222222222222222222222222222222222222222222222222222222222222222222222222222222222222222222222222222222222222222222222222222221
12222222222222222222222222222222222222222222222222222222222222222222222222222222222222222222222222222222222222222222222222222222222222222222222222222222222222222222222222222222222222222222222222222222222222222222222222222222222221
12222222222222222222222222222222222222222222222222222222222222222222222222222222222222222222222222222222222222222222222222222222222222222222222222222222222222222222222222222222222222222222222222222222222222222222222222222222222221
12222222222222222222222222222222222222222222222222222222222222222222222222222222222222222222222222222222222222222222222222222222222222222222222222222222222222222222222222222222222222222222222222222222222222222222222222222222222221
12222222222222222222222222222222222222222222222222222222222222222222222222222222222222222222222222222222222222222222222222222222222222222222222222222222222222222222222222222222222222222222222222222222222222222222222222222222222221
12222222222222222222222222222222222222222222222222222222222222222222222222222222222222222222222222222222222222222222222222222222222222222222222222222222222222222222222222222222222222222222222222222222222222222222222222222222222221
12222222222222222222222222222222222222222222222222222222222222222222222222222222222222222222222222222222222222222222222222222222222222222222222222222222211111111111111111111111111111111111111111111111111111111111111111111112222221
12222222222222222222222222222222222222222222222222222222222222222222222222222222222222222222222222222222222222222222222222222222222222222222222222222222211111111111111111111111111111111111111111111111111111111111111111111112222221
12222222222222222222222222222222222222222222222222222222222222222222222222222222222222222222222222222222222222222222222222222222222222222222222222222222211111111111111111111111111111111111111111111111111111111111111111111112222221
12222222222222222222222222222222222222222222222222222222222222222222222222222222222222222222222222222222222222222222222222222222222222222222222222222222211111111100000000000000000000001111111111111111111111111111111111111112222221
12222222222222222222222222222222222222222222222222222222222222222222222222222222222222222222222222222222222222222222222222222222222222222222222222222222211111111100000000000000000000001111111111111111111111111111111111111112222221
12222222222222222222222222222222222222222222222222222222222222222222222222222222222222222222222222222222222222222222222222222222222222222222222222222222211111111100000000000000000000001111111111111111111111111111111111111112222221
12222222222222222222222222222222222222222222222222222222222222222222222222222222222222222222222222222222222222222222222222222222222222222222222222222222211111111100000000000000000000000000000000000001111111111111111111111112222221
12222222222222222222222222222222222222222222222222222222222222222222222222222222222222222222222222222222222222222222222222222222222222222222222222222222211111111100000000000000000000000000000000000001111111111111111111111112222221
12222222222222222222222222222222222222222222222222222222222222222222222222222222222222222222222222222222222222222222222222222222222222222222222222222222211111111100000000000000000000001111111111111001111111111111111111111112222221
12222222222222222222222222222222222222222222222222222222222222222222222222222222222222222222222222222222222222222222222222222222222222222222222222222222211111111100000000000000000000001111111111111001111111111111111111111112222221
12222222222222222222222222222222222222222222222222222222222222222222222222222222222222222222222222222222222222222222222222222222222222222222222222222222211111111111111111111111111111111111111111111000000000000111111111111112222221
12222222222222222222222222222222222222222222222222222222222222222222222222222222222222222222222222222222222222222222222222222222222222222222222222222222211111111111111111111111111111111111111111111000000000000111111111111112222221
12222222222222222222222222222222222222222222222222222222222222222222222222222222222222222222222222222222222222222222222222222222222222222222222222222222211111111111111111111111111111111111111111111001111111100111111111111112222221
12222222222222222222222222222222222222222222222222222222222222222222222222222222222222222222222222222222222222222222222222222222222222222222222222222222211111111111111111111111111100000000000000000001111111100111111111111112222221
12222222222222222222222222222222222222222222222222222222222222222222222222222222222222222222222222222222222222222222222222222222222222222222222222222222211111111111111111111111111100000000000000000001111111100111111111111112222221
12222222222222222222222222222222222222222222222222222222222222222222222222222222222222222222222222222222222222222222222222222222222222222222222222222222211111111111111111111111111100000000000000000111111111100111111111111112222221
12222222222222222222222222222222222222222222222222222222222222222222222222222222222222222222222222222222222222222222222222222222222222222222222222222222211111111111111111111111111100000000000000000111111111100111111111111112222221
12222222222222222222222222222222222222222222222222222222222222222222222222222222222222222222222222222222222222222222222222222222222222222222222222222222211111111111111111111111111100000000000000000111111111100111111111111112222221
12222222222222222222222222222222222222222222222222222222222222222222222222222222222222222222222222222222222222222222222222222222222222222222222222222222211111111111111111111111111100000000000000000111111111100111111111111112222221
12222222222222222222222222222222222222222222222222222222222222222222222222222222222222222222222222222222222222222222222222222222222222222222222222222222211111111111111111111111111111111111111111111111111111100111111111111112222221
12222222222222222222222222222222222222222222222222222222222222222222222222222222222222222222222222222222222222222222222222222222222222222222222222222222211111111111111111111111111111111111111111111111111111100111111111111112222221
12222222222222222222222222222222222222222222222222222222222222222222222222222222222222222222222222222222222222222222222222222222222222222222222222222222211111111111111111111111111111111111111111111111111111100111111111111112222221
12222222222222222222222222222222222222222222222222222222222222222222222222222222222222222222222222222222222222222222222222222222222222222222222222222222211111111111111111111111111111111111111111111111111111100111111111111112222221
12222222222222222222222222222222222222222222222222222222222222222222222222222222222222222222222222222222222222222222222222222222222222222222222222222222211111111110000000000000000000000000000000000000000000000111111111111112222221
12222222222222222222222222222222222222222222222222222222222222222222222222222222222222222222222222222222222222222222222222222222222222222222222222222222211111111110000000000000000000000000000000000000000000000111111111111112222221
12222222222222222222222222222222222222222222222222222222222222222222222222222222222222222222222222222222222222222222222222222222222222222222222222222222211111111110000000000000000000001111111111111111111111111111111111111112222221
12222222222222222222222222222222222222222222222222222222222222222222222222222222222222222222222222222222222222222222222222222222222222222222222222222222211111111110000000000000000000001111111111111111111111111111111111111112222221
12222222222222222222222222222222222222222222222222222222222222222222222222222222222222222222222222222222222222222222222222222222222222222222222222222222211111111110000000000000000000001111111111111111111111111111111111111112222221
12222222222222222222222222222222222222222222222222222222222222222222222222222222222222222222222222222222222222222222222222222222222222222222222222222222211111111110000000000000000000001111111111111111111111111111111111111112222221
12222222222222222222222222222222222222222222222222222222222222222222222222222222222222222222222222222222222222222222222222222222222222222222222222222222211111111110000000000000000000001111111111111111111111111111111111111112222221
12222222222222222222222222222222222222222222222222222222222222222222222222222222222222222222222222222222222222222222222222222222222222222222222222222222211111111111111111100111111111111111111111111111111111111111111111111112222221
12222222222222222222222222222222222222222222222222222222222222222222222222222222222222222222222222222222222222222222222222222222222222222222222222222222211111111111111111100111111111111111111111111111111111111111111111111112222221
12222222222222222222222222222222222222222222222222222222222222222222222222222222222222222222222222222222222222222222222222222222222222222222222222222222211111111111111111100111111111111111111111111111111111111111111111111112222221
12222222222222222222222222222222222222222222222222222222222222222222222222222222222222222222222222222222222222222222222222222222222222222222222222222222211111111111111111100111111111111111111111111111111111111111111111111112222221
12222222222222222222222222222222222222222222222222222222222222222222222222222222222222222222222222222222222222222222222222222222222222222222222222222222211111111111111111100111111111111111111111111111111111111111111111111112222221
12222222222222222222222222222222222222222222222222222222222222222222222222222222222222222222222222222222222222222222222222222222222222222222222222222222211111111111111111100111111111111111111111111111111111111111111111111112222221
12222222222222222222222222222222222222222222222222222222222222222222222222222222222222222222222222222222222222222222222222222222222222222222222222222222211111111111111111100111111111111000000000000111111111111111111111111112222221
12222222222222222222222222222222222222222222222222222222222222222222222222222222222222222222222222222222222222222222222222222222222222222222222222222222211111111111111111100111111111111000000000000111111111111111111111111112222221
12222222222222222222222222222222222222222222222222222222222222222222222222222222222222222222222222222222222222222222222222222222222222222222222222222222211111111111111111100111111111111000000000000111111111111111111111111112222221
12222222222222222222222222222222222222222222222222222222222222222222222222222222222222222222222222222222222222222222222222222222222222222222222222222222211111111111111111100111111111111000000000000111111111111111111111111112222221
12222222222222222222222222222222222222222222222222222222222222222222222222222222222222222222222222222222222222222222222222222222222222222222222222222222211111111111111111100111111111111111000000111111111111111111111111111112222221
12222222222222222222222222222222222222221111111111111111111111111111111111111111111111111111111111111111111111111111111111111111111111111111222222222222211111111111111111100000000000000000000000000000000000000000111111111112222221
12222222222222222222222222222222222222221111111111111111111111111111111111111111111111111111111111111111111111111111111111111111111111111111222222222222211111111111111111100000000000000000000000000000000000000000111111111112222221
12222222222222222222222222222222222222221111000000000000000000000000000000000011111111111111111111111111111111111111111111111111111111111111222222222222211111111111111111111111111111111111111111111111111111111100111111111112222221
12222222222222222222222222222222222222221111000000000000000000000000000000000011111111111111111111111111111111111111111111111111111111111111222222222222211111111111111111111111111111111111111111111111111111111100111111111112222221
12222222222222222222222222222222222222221111000001111111111111111111111111110011111111111111111111111111111111111111111111111111111111111111222222222222211111111111111111111111111111111111111111111111111111111100111111111112222221
12222222222222222222222222222222222222221111000001111111111111111111111111110011111111111111111111111111100000000011111111111111111111111111222222222222211111111111111111111111111111111111111111111111111111111100111111111112222221
12222222222222222222222222222222222222221111000001111111111111111111111111110011111111111111111111111111100000000011111111111111111111111111222222222222211111111111111111111111111111111111111111111111111111111100111111111112222221
12222222222222222222222222222222222222221111000001111111111111111111111111110011111111111111111111111111100000000011111111111111111111111111222222222222211111111111111111111111111111111111111111111111111111111100111111111112222221
12222222222222222222222222222222222222221111111111111111111111111111111111110011111111111111111111111111100000000011111111111111111111111111222222222222211111111111111111111111111111111111111111111111111111111100111111111112222221
12222222222222222222222222222222222222221111111111111111111111111111111111110011111111111111111111111111100000000011111111111111111111111111222222222222211111111111111111111111111111111111111111111111111111111100111111111112222221
12222222222222222222222222222222222222221111111111111111111111111111100000000000000001111111111111111111100000000011111111111111111111111111222222222222211111111111111111111111111111111111111111111111111111111100111111111112222221
12222222222222222222222222222222222222221111111111111111111111111111100000000000000001111111111111111111100000000011111111111111111111111111222222222222211111111111111111111111111111000000000000000000000000000000111111111112222221
12222222222222222222222222222222222222221111111111111111111111111111100000000000000001111111111111111111100000000011111111111111111111111111222222222222211111111111111111111111111111000000000000000000000000000000111111111112222221
12222222222222222222222222222222222222221111111111111111111111111111100000000000000001111111111111111111100000000011111111111111111111111111222222222222211111111111111111111111111111000000000000000000000000000011111111111112222221
12222222222222222222222222222222222222221111111111111111111111111111100000000000000001111111111111111111100000000011111111111111111111111111222222222222211111111111111111111111111111000000000000000000000000000011111111111112222221
12222222222222222222222222222222222222221111111111111111111111111111100000000000000001111111111111111111100000000011111111111111111111111111222222222222211111111111111111111111111111000000000000000000000000000011111111111112222221
12222222222222222222222222222222222222221111111111111111111111111111100000000000000001111111111111111111100000000011111111111111111111111111222222222222211111111111111111111111111111000000000000000000000000000011111111111112222221
12222222222222222222222222222222222222221111111110000000000000000000000000000000000000000000000000000011111110011111111111111111111111111111222222222222211111111111111111111111111111000000000000000000000000000011111111111112222221
12222222222222222222222222222222222222221111111110000000000000000000000000000000000000000000000000000011111110011111111111111111111111111111222222222222211111111111111111111111111111001111111111111111111111111111111111111112222221
12222222222222222222222222222222222222221111111110011111111111111111100000000000000001111111111111110011111110011111111111111111111111111111222222222222211111111111111111111111111111001111111111111111111111111111111111111112222221
12222222222222222222222222222222222222221111111110011111111111111111100000000000000001111111111111110011111110011111111111111111111111111111222222222222211111111111111111111111111111001111111111111111111111111111111111111112222221
12222222222222222222222222222222222222221111111110011111111111111111100000000000000001111111111111110011111110011111111111111111111111111111222222222222211111111111111111111111111111001111111111111111111111111111111111111112222221
12222222222222222222222222222222222222221111111110011111111111111111100000000000000001111111111111110011111110011111111111111111111111111111222222222222211111111111111111111111111111001111111111111111111111111111111111111112222221
12222222222222222222222222222222222222221111111110011111111111111111100000000000000001111111111111110011111110011111111111111111111111111111222222222222211111111111111111111111111111001111111111111111111111111111111111111112222221
12222222222222222222222222222222222222221111111110011111111111111111111111111111111111111111111111110011111110011111111111111111111111111111222222222222211111111111111111111111111111001111111111111111111111111111111111111112222221
12222222222222222222222222222222222222221111111110011111111111111111111111111111111111111111111111110011111110011111111111111111111111111111222222222222211111111111111111111111111111001111111111111111111111111111111111111112222221
12222222222222222222222222222222222222221111111110011111111111111111111111111111111111111111111100000000011110011111111111111111111111111111222222222222211111111111111111111111111111001111111111111111111111111111111111111112222221
12222222222222222222222222222222222222221111100000000000011111111111111111111111111111111111111100000000011110011111111111111111111111111111222222222222211111111111111111111111111100000011111111111111111111111111111111111112222221
12222222222222222222222222222222222222221111100000000000011111111111111111111111111111111111111100000000011110011111111111111111111111111111222222222222211111111111111111111111111100000011111111111111111111111111111111111112222221
12222222222222222222222222222222222222221111100000000000011111111111111111111111111111111111111100000000011110011111111111111111111111111111222222222222222222222222222222222222222222222222222222222222222222222222222222222222222221
12222222222222222222222222222222222222221111100000000000011111111111111111111111111111111111111100000000011110011111111111111111111111111111222222222222222222222222222222222222222222222222222222222222222222222222222222222222222221
12222222222222222222222222222222222222221111100000000000011110000000011111111100000000000011111100000000011110011111111111111111111111111111222222222222222222222222222222222222222222222222222222222222222222222222222222222222222221
12222222222222222222222222222222222222221111100000000000011110000000011111111100000000000011111100000000011110011111111111111111111111111111222222222222222222222222222222222222222222222222222222222222222222222222222222222222222221
12222222222222222222222222222222222222221111100000000000011110000000011111111100000000000011111100000000011110011111111111111111111111111111222222222222222222222222222222222222222222222222222222222222222222222222222222222222222221
12222222222222222222222222222222222222221111100000000000011110000000011111111100000000000011111100000000011110011111111111111111111111111111222222222222222222222222222222222222222222222222222222222222222222222222222222222222222221
12222222222222222222222222222222222222221111100000000000000000000000000000000000000000000000000000000000000000011111111111111111111111111111222222222222222222222222222222222222222222222222222222222222222222222222222222222222222221
12222222222222222222222222222222222222221111100000000000000000000000000000000000000000000000000000000000000000011111111111111111111111111111222222222222222222222222222222222222222222222222222222222222222222222222222222222222222221
12222222222222222222222222222222222222221111100000000000011110000000011111100100000000000011111100000000011110011111111111111111111111111111222222222222222222222222222222222222222222222222222222222222222222222222222222222222222221
12222222222222222222222222222222222222221111100000000000011110000000011111100100000000000011111111110011111110011111111111111111111111111111222222222222222222222222222222222222222222222222222222222222222222222222222222222222222221
12222222222222222222222222222222222222221111100000000000011110000000011111100100000000000011111111110011111110011111111111111111111111111111222222222222222222222222222222222222222222222222222222222222222222222222222222222222222221
12222222222222222222222222222222222222221111100000000000011111111111111111100100000000000011111111110011111110011111111111111111111111111111222222222222222222222222222222222222222222222222222222222222222222222222222222222222222221
12222222222222222222222222222222222222221111100000000000011111111111111111100100000000000011111111110011111110011111111111111111111111111111222222222222222222222222222222222222222222222222222222222222222222222222222222222222222221
12222222222222222222222222222222222222221111100000000000011111111111111111100100000000000011111111110011111110011111111111111111111111111111222222222222222222222222222222222222222222222222222222222222222222222222222222222222222221
12222222222222222222222222222222222222221111111110000111111111111111111111100100000000000011111111110011111110011111111111111111111111111111222222222222222222222222222222222222222222222222222222222222222222222222222222222222222221
12222222222222222222222222222222222222221111111110000111111111111111111111100100000000000011111111110011111110011111111111111111111111111111222222222222222222222222222222222222222222222222222222222222222222222222222222222222222221
12222222222222222222222222222222222222221111111110000111111111111111111111100111111100111111111111110011111110011111111111111111111111111111222222222222222222222222222222222222222222222222222222222222222222222222222222222222222221
12222222222222222222222222222222222222221111111110000111111111111111111111100111111100111111111111110011111110011111111111111111111111111111222222222222222222222222222222222222222222222222222222222222222222222222222222222222222221
12222222222222222222222222222222222222221111111110000111111111111111111111100111111100111111111111110011111110011111111111111111111111111111222222222222222222222222222222222222222222222222222222222222222222222222222222222222222221
12222222222222222222222222222222222222221111111110000111111111111111111111100111111100111111111111110011111110011111111111111111111111111111222222222222222222222222222222222222222222222222222222222222222222222222222222222222222221
12222222222222222222222222222222222222221111111110000111111111111111111111100111111100111111111111110011111110011111111111111111111111111111222222222222222222222222222222222222222222222222222222222222222222222222222222222222222221
12222222222222222222222222222222222222221111111110000111111111111111111111100111111100111111111111110011111110011111111111111111111111111111222222222222222222222222222222222222222222222222222222222222222222222222222222222222222221
12222222222222222222222222222222222222221111111110000111111111111111111111100111111100111111111111110011111110011111111111111111111111111111222222222222222222222222222222222222222222222222222222222222222222222222222222222222222221
12222222222222222222222222222222222222221111111110000111111111111111111111100111111100111111111111110011111110011111111111111111111111111111222222222222222222222222222222222222222222222222222222222222222222222222222222222222222221
12222222222222222222222222222222222222221111111110000111111111111111111000000000001100111111111111110011111110011111111111111111111111111111222222222222222222222222222222222222222222222222222222222222222222222222222222222222222221
12222222222222222222222222222222222222221111111110000111111111111111111000000000001100111111111111110011111110011111111111111111111111111111222222222222222222222222222222222222222222222222222222222222222222222222222222222222222221
12222222222222222222222222222222222222221111111110000111111111111111111000000000001100111111111111110011111100000000000011111111111111111111222222222222222222222222222222222222222222222222222222222222222222222222222222222222222221
12222222222222222222222222222222222222221100000000000111111111111111111000000000001100111111111111110011111100000000000011111111111111111111222222222222222222222222222222222222222222222222222222222222222222222222222222222222222221
12222222222222222222222222222222222222221100000000000000000000000000000000000000001100111111111111110011111100000000000011111111111111111111222222222222222222222222222222222222222222222222222222222222222222222222222222222222222221
12222222222222222222222222222222222222221100000000000000000000000000000000000000001100111111111111110011111100000000000011111111111111111111222222222222222222222222222222222222222222222222222222222222222222222222222222222222222221
12222222222222222222222222222222222222221100000000000111111111111111111000000000001100111111111111110011111100000000000011111111111111111111222222222222222222222222222222222222222222222222222222222222222222222222222222222222222221
12222222222222222222222222222222222222221100000000000111111111111111111000000000001100111111111111110000000000000000000011111111111111111111222222222222222222222222222222222222222222222222222222222222222222222222222222222222222221
12222222222222222222222222222222222222221100000000000111111111111111111111100011111100111111111111110000000000000000000011111111111111111111222222222222222222222222222222222222222222222222222222222222222222222222222222222222222221
12222222222222222222222222222222222222221100000000000000000000000000000000000000000000111111111111111111111100000000000011111111111111111111222222222222222222222222222222222222222222222222222222222222222222222222222222222222222221
12222222222222222222222222222222222222221100000000000000000000000000000000000000000000111111111111111111111100000000000011111111111111111111222222222222222222222222222222222222222222222222222222222222222222222222222222222222222221
12222222222222222222222222222222222222221100000000000111111111111111100000000000011100111111111111111111111100000000000011111111111111111111222222222222222222222222222222222222222222222222222222222222222222222222222222222222222221
12222222222222222222222222222222222222221100000000000111111111111111100000000000011100111111111111111111111110011100111111111111111111111111222222222222222222222222222222222222222222222222222222222222222222222222222222222222222221
12222222222222222222222222222222222222221100000000000111111111111111100000000000011100111111111111111111111110011100111111111111111111111111222222222222222222222222222222222222222222222222222222222222222222222222222222222222222221
12222222222222222222222222222222222222221100000000000111111111111111100000000000011100111111111111111111111110011100111111111111111111111111222222222222222222222221111111111111111111111111111111111111111111111111122222222222222221
12222222222222222222222222222222222222221100000000000111111111111111100000000000011100111111111111111111111110011100111111111111111111111111222222222222222222222221111111111111111111111111111111111111111111111111122222222222222221
12222222222222222222222222222222222222221111111000011111111111111111100000000000011100111111111111111111111110011100111111111111111111111111222222222222222222222221111111111111111111111111111111111111111111111111122222222222222221
12222222222222222222222222222222222222221111111000011111111111111111100000000000011100111111111111111111111110011100111111111111111111111111222222222222222222222221111111111111111111111111111111111111111111111111122222222222222221
12222222222222222222222222222222222222221111111000011111111111111111100000000000011100111111111100000000000010011100111111111111111111111111222222222222222222222221111111111111111111111111111111111111111111111111122222222222222221
12222222222222222222222222222222222222221111111000011111111111111111100000000000011100111111111100000000000010011100000000000000000111111111222222222222222222222221111111111111111111111111111111111111111111111111122222222222222221
12222222222222222222222222222222222222221111111000011111111111111111100000000000011100111111111100000000000010011100000000000000000111111111222222222222222222222221111111111111111111111111111111111111111111111111122222222222222221
12222222222222222222222222222222222222221111111000011111111111111111111111110011111100111111111100000000000010011100000000000000000111111111222222222222222222222221111111111111111111111111111111111111111111111111122222222222222221
12222222222222222222222222222222222222221111111000011111111111111111111111110011111100000000000000000000000010011100000000000000000111111111222222222222222222222221111111111111111111111111111111111111111111111111122222222222222221
12222222222222222222222222222222222222221111111000011111111111111111111111110011111100000000000000000000000010011100000000000000000111111111222222222222222222222221111111111111111111111111111111111111111111111111122222222222222221
12222222222222222222222222222222222222221111111000011111111111111111111111110000000000000011111100000000000010011100000000000000000111111111222222222222222222222221111111111111111111111111111111111111111111111111122222222222222221
12222222222222222222222222222222222222221111111000011111111111111111111111110000000000000011111100000000000010011100000000000000000111111111222222222222222222222221111111111111111111111111111111111111111111111111122222222222222221
12222222222222222222222222222222222222221111111000011111111111111111111111110000000000000011111100000000000000000000000000000000000111111111222222222222222222222221111111111111111111111111111111111111111111111111122222222222222221
12222222222222222222222222222222222222221111111000011111111111111111111111110000000000000011111111111100000000000000000000000000000111111111222222222222222222222221111111111111111111111111111111111111111111111111122222222222222221
12222222222222222222222222222222222222221111111000000000000000000000000000000000000000000011111111111111111110011111000000000000000111111111222222222222222222222221111111111111111111111111111111111111111111111111122222222222222221
12222222222222222222222222222222222222221111111000000000000000000000000000000000000000000011111111111111111110011111000000000000000111111111222222222222222222222221111111111111111111111111111111111111111111111111122222222222222221
12222222222222222222222222222222222222221111111110011111111111111111111111111000000000000011111111111111111110011111000000000000000111111111222222222222222222222221111111111111111111111111111111111111111111111111122222222222222221
12222222222222222222222222222222222222221111111110011111111111111111111111111000000000000011111111111111111110011111000000000000000111111111222222222222222222222221111111111111111111111111111111111111111111111111122222222222222221
12222222222222222222222222222222222222221111111110011111111111111111111111111111111111111111111111111111111110011111000000000000000111111111222222222222222222222221111111111111111111111111111111111111111111111111122222222222222221
12222222222222222222222222222222222222221111111110011111111111111111111111111111111111111111111111111111111110011111000000000000000111111111222222222222222222222221111111111111111111111111111111111111111111111111122222222222222221
12222222222222222222222222222222222222221000000000000000011111111111111111111111111111111111111111111111111110011111111111111111111111111111222222222222222222222221111111111111111111111111111111111111111111111111122222222222222221
12222222222222222222222222222222222222221000000000000000011111111111111111111111111111111111111111111111111110011111111111111111111111111111222222222222222222222221111111111111111111111111111111111111111111111111122222222222222221
12222222222222222222222222222222222222221000000000000000011111111111111111111111111111111111111111111111111110011111111111111111111111111111222222222222222222222221111111111111111111111111111111111111111111111111122222222222222221
12222222222222222222222222222222222222221000000000000000011111111111111111111111111111111111111111111111111110011111111111111111111111111111222222222222222222222221111111111111111111111111111111111111111111111111122222222222222221
12222222222222222222222222222222222222221000000000000000011111111111111111111111111111111111111111111111111110011111111111111111111111111111222222222222222222222221111111111111111111111111111111111111111111111111122222222222222221
12222222222222222222222222222222222222221000000000000000000000000000000000000000000000000000000000000000000000011111111111111111111111111111222222222222222222222221111111111111111111111111111111111111111111111111122222222222222221
12222222222222222222222222222222222222221000000000000000000000000000000000000000000000000000000000000000000000011111111111111111111111111111222222222222222222222221111111111111111111111111111111111111111111111111122222222222222221
12222222222222222222222222222222222222221000000000000000011111111111111111111111111111111111111111111111111111111111111111111111111111111111222222222222222222222221111111111111111111111111111111111111111111111111122222222222222221
12222222222222222222222222222222222222221000000000000000011111111111111111111111111111111111111111111111111111111111111111111111111111111111222222222222222222222221111111111111111111111111111111111111111111111111122222222222222221
12222222222222222222222222222222222222221000000000000000011111111111111111111111111111111111111111111111111111111111111111111111111111111111222222222222222222222221111111111111111111111111111111111111111111111111122222222222222221
12222222222222222222222222222222222222221000000000000000011111111111111111111111111111111111111111111111111111111111111111111111111111111111222222222222222222222221111111111111111111111111111111111111111111111111122222222222222221
12222222222222222222222222222222222222221111111111111111111111111111111111111111111111111111111111111111111111111111111111111111111111111111222222222222222222222221111111111111111111111111111111111111111111111111122222222222222221
12222222222222222222222222222222222222221111111111111111111111111111111111111111111111111111111111111111111111111111111111111111111111111111222222222222222222222221111111111111111111111111111111111111111111111111122222222222222221
12222222222222222222222222222222222222222222222222222222222222222222222222222222222222222222222222222222222222222222222222222222222222222222222222222222222222222221111111111111111111111111111111111111111111111111122222222222222221
12222222222222222222222222222222222222222222222222222222222222222222222222222222222222222222222222222222222222222222222222222222222222222222222222222222222222222221111111111111111111111111111111111111111111111111122222222222222221
12222222222222222222222222222222222222222222222222222222222222222222222222222222222222222222222222222222222222222222222222222222222222222222222222222222222222222221111111111111111111111111111111111111111111111111122222222222222221
12222222222222222222222222222222222222222222222222222222222222222222222222222222222222222222222222222222222222222222222222222222222222222222222222222222222222222221111111111111111111111111111111111111111111111111122222222222222221
12222222222222222222222222222222222222222222222222222222222222222222222222222222222222222222222222222222222222222222222222222222222222222222222222222222222222222221111111111111111111111111111111111111111111111111122222222222222221
12222222222222222222222222222222222222222222222222222222222222222222222222222222222222222222222222222222222222222222222222222222222222222222222222222222222222222221111111111111111111111111111111111111111111111111122222222222222221
12222222222222222222222222222222222222222222222222222222222222222222222222222222222222222222222222222222222222222222222222222222222222222222222222222222222222222221111111111111111111111111111111111111111111111111122222222222222221
12222222222222222222222222222222222222222222222222222222222222222222222222222222222222222222222222222222222222222222222222222222222222222222222222222222222222222221111111111111111111111111111111111111111111111111122222222222222221
12222222222222222222222222222222222222222222222222222222222222222222222222222222222222222222222222222222222222222222222222222222222222222222222222222222222222222221111111111111111111111111111111111111111111111111122222222222222221
12222222222222222222222222222222222222222222222222222222222222222222222222222222222222222222222222222222222222222222222222222222222222222222222222222222222222222221111111111111111111111111111111111111111111111111122222222222222221
12222222222222222222222222222222222222222222222222222222222222222222222222222222222222222222222222222222222222222222222222222222222222222222222222222222222222222221111111111111111111111111111111111111111111111111122222222222222221
12222222222222222222222222222222222222222222222222222222222222222222222222222222222222222222222222222222222222222222222222222222222222222222222222222222222222222221111111111111111111111111111111111111111111111111122222222222222221
12222222222222222222222222222222222222222222222222222222222222222222222222222222222222222222222222222222222222222222222222222222222222222222222222222222222222222221111111111111111111111111111111111111111111111111122222222222222221
12222222222222222222222222222222222222222222222222222222222222222222222222222222222222222222222222222222222222222222222222222222222222222222222222222222222222222221111111111111111111111111111111111111111111111111122222222222222221
12222222222222222222222222222222222222222222222222222222222222222222222222222222222222222222222222222222222222222222222222222222222222222222222222222222222222222221111111111111111111111111111111111111111111111111122222222222222221
12222222222222222222222222222222222222222222222222222222222222222222222222222222222222222222222222222222222222222222222222222222222222222222222222222222222222222221111111111111111111111111111111111111111111111111122222222222222221
12222222222222222222222222222222222222222222222222222222222222222222222222222222222222222222222222222222222222222222222222222222222222222222222222222222222222222221111111111111111111111111111111111111111111111111122222222222222221
12222222222222222222222222222222222222222222222222222222222222222222222222222222222222222222222222222222222222222222222222222222222222222222222222222222222222222222222222222222222222222222222222222222222222222222222222222222222221
12222222222222222222222222222222222222222222222222222222222222222222222222222222222222222222222222222222222222222222222222222222222222222222222222222222222222222222222222222222222222222222222222222222222222222222222222222222222221
12222222222222222222222222222222222222222222222222222222222222222222222222222222222222222222222222222222222222222222222222222222222222222222222222222222222222222222222222222222222222222222222222222222222222222222222222222222222221
12222222222222222222222222222222222222222222222222222222222222222222222222222222222222222222222222222222222222222222222222222222222222222222222222222222222222222222222222222222222222222222222222222222222222222222222222222222222221
12222222222222222222222222222222222222222222222222222222222222222222222222222222222222222222222222222222222222222222222222222222222222222222222222222222222222222222222222222222222222222222222222222222222222222222222222222222222221
12222222222222222222222222222222222222222222222222222222222222222222222222222222222222222222222222222222222222222222222222222222222222222222222222222222222222222222222222222222222222222222222222222222222222222222222222222222222221
12222222222222222222222222222222222222222222222222222222222222222222222222222222222222222222222222222222222222222222222222222222222222222222222222222222222222222222222222222222222222222222222222222222222222222222222222222222222221
12222222222222222222222222222222222222222222222222222222222222222222222222222222222222222222222222222222222222222222222222222222222222222222222222222222222222222222222222222222222222222222222222222222222222222222222222222222222221
12222222222222222222222222222222222222222222222222222222222222222222222222222222222222222222222222222222222222222222222222222222222222222222222222222222222222222222222222222222222222222222222222222222222222222222222222222222222221
12222222222222222222222222222222222222222222222222222222222222222222222222222222222222222222222222222222222222222222222222222222222222222222222222222222222222222222222222222222222222222222222222222222222222222222222222222222222221
12222222222222222222222222222222222222222222222222222222222222222222222222222222222222222222222222222222222222222222222222222222222222222222222222222222222222222222222222222222222222222222222222222222222222222222222222222222222221
12222222222222222222222222222222222222222222222222222222222222222222222222222222222222222222222222222222222222222222222222222222222222222222222222222222222222222222222222222222222222222222222222222222222222222222222222222222222221
12222222222222222222222222222222222222222222222222222222222222222222222222222222222222222222222222222222222222222222222222222222222222222222222222222222222222222222222222222222222222222222222222222222222222222222222222222222222221
12222222222222222222222222222222222222222222222222222222222222222222222222222222222222222222222222222222222222222222222222222222222222222222222222222222222222222222222222222222222222222222222222222222222222222222222222222222222221
12222222222222222222222222222222222222222222222222222222222222222222222222222222222222222222222222222222222222222222222222222222222222222222222222222222222222222222222222222222222222222222222222222222222222222222222222222222222221
12222222222222222222222222222222222222222222222222222222222222222222222222222222222222222222222222222222222222222222222222222222222222222222222222222222222222222222222222222222222222222222222222222222222222222222222222222222222221
12222222222222222222222222222222222222222222222222222222222222222222222222222222222222222222222222222222222222222222222222222222222222222222222222222222222222222222222222222222222222222222222222222222222222222222222222222222222221
12222222222222222222222222222222222222222222222222222222222222222222222222222222222222222222222222222222222222222222222222222222222222222222222222222222222222222222222222222222222222222222222222222222222222222222222222222222222221
12222222222222222222222222222222222222222222222222222222222222222222222222222222222222222222222222222222222222222222222222222222222222222222222222222222222222222222222222222222222222222222222222222222222222222222222222222222222221
12222222222222222222222222222222222222222222222222222222222222222222222222222222222222222222222222222222222222222222222222222222222222222222222222222222222222222222222222222222222222222222222222222222222222222222222222222222222221
12222222222222222222222222222222222222222222222222222222222222222222222222222222222222222222222222222222222222222222222222222222222222222222222222222222222222222222222222222222222222222222222222222222222222222222222222222222222221
12222222222222222222222222222222222222222222222222222222222222222222222222222222222222222222222222222222222222222222222222222222222222222222222222222222222222222222222222222222222222222222222222222222222222222222222222222222222221
12222222222222222222222222222222222222222222222222222222222222222222222222222222222222222222222222222222222222222222222222222222222222222222222222222222222222222222222222222222222222222222222222222222222222222222222222222222222221
12222222222222222222222222222222222222222222222222222222222222222222222222222222222222222222222222222222222222222222222222222222222222222222222222222222222222222222222222222222222222222222222222222222222222222222222222222222222221
12222222222222222222222222222222222222222222222222222222222222222222222222222222222222222222222222222222222222222222222222222222222222222222222222222222222222222222222222222222222222222222222222222222222222222222222222222222222221
12222222222222222222222222222222222222222222222222222222222222222222222222222222222222222222222222222222222222222222222222222222222222222222222222222222222222222222222222222222222222222222222222222222222222222222222222222222222221
12222222222222222222222222222222222222222222222222222222222222222222222222222222222222222222222222222222222222222222222222222222222222222222222222222222222222222222222222222222222222222222222222222222222222222222222222222222222221
12222222222222222222222222222222222222222222222222222222222222222222222222222222222222222222222222222222222222222222222222222222222222222222222222222222222222222222222222222222222222222222222222222222222222222222222222222222222221
12222222222222222222222222222222222222222222222222222222222222222222222222222222222222222222222222222222222222222222222222222222222222222222222222222222222222222222222222222222222222222222222222222222222222222222222222222222222221
12222222222222222222222222222222222222222222222222222222222222222222222222222222222222222222222222222222222222222222222222222222222222222222222222222222222222222222222222222222222222222222222222222222222222222222222222222222222221
12222222222222222222222222222222222222222222222222222222222222222222222222222222222222222222222222222222222222222222222222222222222222222222222222222222222222222222222222222222222222222222222222222222222222222222222222222222222221
12222222222222222222222222222222222222222222222222222222222222222222222222222222222222222222222222222222222222222222222222222222222222222222222222222222222222222222222222222222222222222222222222222222222222222222222222222222222221
12222222222222222222222222222222222222222222222222222222222222222222222222222222222222222222222222222222222222222222222222222222222222222222222222222222222222222222222222222222222222222222222222222222222222222222222222222222222221
12222222222222222222222222222222222222222222222222222222222222222222222222222222222222222222222222222222222222222222222222222222222222222222222222222222222222222222222222222222222222222222222222222222222222222222222222222222222221
12222222222222222222222222222222222222222222222222222222222222222222222222222222222222222222222222222222222222222222222222222222222222222222222222222222222222222222222222222222222222222222222222222222222222222222222222222222222221
12222222222222222222222222222222222222222222222222222222222222222222222222222222222222222222222222222222222222222222222222222222222222222222222222222222222222222222222222222222222222222222222222222222222222222222222222222222222221
12222222222222222222222222222222222222222222222222222222222222222222222222222222222222222222222222222222222222222222222222222222222222222222222222222222222222222222222222222222222222222222222222222222222222222222222222222222222221
12222222222222222222222222222222222222222222222222222222222222222222222222222222222222222222222222222222222222222222222222222222222222222222222222222222222222222222222222222222222222222222222222222222222222222222222222222222222221
12222222222222222222222222222222222222222222222222222222222222222222222222222222222222222222222222222222222222222222222222222222222222222222222222222222222222222222222222222222222222222222222222222222222222222222222222222222222221
12222222222222222222222222222222222222222222222222222222222222222222222222222222222222222222222222222222222222222222222222222222222222222222222222222222222222222222222222222222222222222222222222222222222222222222222222222222222221
12222222222222222222222222222222222222222222222222222222222222222222222222222222222222222222222222222222222222222222222222222222222222222222222222222222222222222222222222222222222222222222222222222222222222222222222222222222222221
12222222222222222222222222222222222222222222222222222222222222222222222222222222222222222222222222222222222222222222222222222222222222222222222222222222222222222222222222222222222222222222222222222222222222222222222222222222222221
12222222222222222222222222222222222222222222222222222222222222222222222222222222222222222222222222222222222222222222222222222222222222222222222222222222222222222222222222222222222222222222222222222222222222222222222222222222222221
12222222222222222222222222222222222222222222222222222222222222222222222222222222222222222222222222222222222222222222222222222222222222222222222222222222222222222222222222222222222222222222222222222222222222222222222222222222222221
12222222222222222222222222222222222222222222222222222222222222222222222222222222222222222222222222222222222222222222222222222222222222222222222222222222222222222222222222222222222222222222222222222222222222222222222222222222222221
12222222222222222222222222222222222222222222222222222222222222222222222222222222222222222222222222222222222222222222222222222222222222222222222222222222222222222222222222222222222222222222222222222222222222222222222222222222222221
12222222222222222222222222222222222222222222222222222222222222222222222222222222222222222222222222222222222222222222222222222222222222222222222222222222222222222222222222222222222222222222222222222222222222222222222222222222222221
12222222222222222222222222222222222222222222222222222222222222222222222222222222222222222222222222222222222222222222222222222222222222222222222222222222222222222222222222222222222222222222222222222222222222222222222222222222222221
12222222222222222222222222222222222222222222222222222222222222222222222222222222222222222222222222222222222222222222222222222222222222222222222222222222222222222222222222222222222222222222222222222222222222222222222222222222222221
12222222222222222222222222222222222222222222222222222222222222222222222222222222222222222222222222222222222222222222222222222222222222222222222222222222222222222222222222222222222222222222222222222222222222222222222222222222222221
12222222222222222222222222222222222222222222222222222222222222222222222222222222222222222222222222222222222222222222222222222222222222222222222222222222222222222222222222222222222222222222222222222222222222222222222222222222222221
12222222222222222222222222222222222222222222222222222222222222222222222222222222222222222222222222222222222222222222222222222222222222222222222222222222222222222222222222222222222222222222222222222222222222222222222222222222222221
12222222222222222222222222222222222222222222222222222222222222222222222222222222222222222222222222222222222222222222222222222222222222222222222222222222222222222222222222222222222222222222222222222222222222222222222222222222222221
12222222222222222222222222222222222222222222222222222222222222222222222222222222222222222222222222222222222222222222222222222222222222222222222222222222222222222222222222222222222222222222222222222222222222222222222222222222222221
12222222222222222222222222222222222222222222222222222222222222222222222222222222222222222222222222222222222222222222222222222222222222222222222222222222222222222222222222222222222222222222222222222222222222222222222222222222222221
12222222222222222222222222222222222222222222222222222222222222222222222222222222222222222222222222222222222222222222222222222222222222222222222222222222222222222222222222222222222222222222222222222222222222222222222222222222222221
12222222222222222222222222222222222222222222222222222222222222222222222222222222222222222222222222222222222222222222222222222222222222222222222222222222222222222222222222222222222222222222222222222222222222222222222222222222222221
12222222222222222222222222222222222222222222222222222222222222222222222222222222222222222222222222222222222222222222222222222222222222222222222222222222222222222222222222222222222222222222222222222222222222222222222222222222222221
12222222222222222222222222222222222222222222222222222222222222222222222222222222222222222222222222222222222222222222222222222222222222222222222222222222222222222222222222222222222222222222222222222222222222222222222222222222222221
12222222222222222222222222222222222222222222222222222222222222222222222222222222222222222222222222222222222222222222222222222222222222222222222222222222222222222222222222222222222222222222222222222222222222222222222222222222222221
12222222222222222222222222222222222222222222222222222222222222222222222222222222222222222222222222222222222222222222222222222222222222222222222222222222222222222222222222222222222222222222222222222222222222222222222222222222222221
11111111111111111111111111111111111111111111111111111111111111111111111111111111111111111111111111111111111111111111111111111111111111111111111111111111111111111111111111111111111111111111111111111111111111111111111111111111111111