11111111111111111111111111111111111111111111111111111111111111111111111111111111111111111111111111111111111111111111111111111111111111111111111111111111111111111111111111111111111111111111111111111111111111111111111111111111111111
12222222222222222222222222222222222222222222222222222222222222222222222222222222222222222222222222222222222222222222222222222222222222222222222222222222222222222222222222222222222222222222222222222222222222222222222222222222222221
12222222222222222222222222222222222222222222222222222222222222222222222222222222222222222222222222222222222222222222222222222222222222222222222222222222222222222222222222222222222222222222222222222222222222222222222222222222222221
12222222222222222222222222222222222222222222222222222222222222222222222222222222222222222222222222222222222222222222222222222222222222222222222222222222222222222222222222222222222222222222222222222222222222222222222222222222222221
12222222222222222222222222222222222222222222222222222222222222222222222222222222222222222222222222222222222222222222222222222222222222222222222222222222222222222222222222222222222222222222222222222222222222222222222222222222222221
12222222222222222222222222222222222222222222222222222222222222222222222222222222222222222222222222222222222222222222222222222222222222222222222222222222222222222222222222222222222222222222222222222222222222222222222222222222222221
12222222222222222222222222222222222222222222222222222222222222222222222222222222222222222222222222222222222222222222222222222222222222222222222222222222222222222222222222222222222222222222222222222222222222222222222222222222222221
12222222222222222222222222222222222222222222222222222222222222222222222222222222222222222222222222222222222222222222222222222222222222222222222222222222222222222222222222222222222222222222222222222222222222222222222222222222222221
12222222222222222222222222222222222222222222222222222222222222222222222222222222222222222222222222222222222222222222222222222222222222222222222222222222222222222222222222222222222222222222222222222222222222222222222222222222222221
12222222222222222222222222222222222222222222222222222222222222222222222222222222222222222222222222222222222222222222222222222222222222222222222222222222222222222222222222222222222222222222222222222222222222222222222222222222222221
12222222222222222222222222222222222222222222222222222222222222222222222222222222222222222222222222222222222222222222222222222222222222222222222222222222277777777777777777777777777777777777777777777777777777777777777777777772222221
12222222222222222222222222222222222222222222222222222222222222222222222222222222222222222222222222222222222222222222222222222222222222222222222222222222277777777777777777777777777777777777777777777777777777777777777777777772222221
12222222222222222222222222222222222222222222222222222222222222222222222222222222222222222222222222222222222222222222222222222222222222222222222222222222277777777777777777777777777777777777777777777777777777777777777777777772222221
12222222222222222222222222222222222222222222222222222222222222222222222222222222222222222222222222222222222222222222222222222222222222222222222222222222277777777777777777777777777777777777777777777777777777777777777777777772222221
12222222222222222222222222222222222222222222222222222222222222222222222222222222222222222222222222222222222222222222222222222222222222222222222222222222277777777777777777777777777777777777777777777777777777777777777777777772222221
12222222222222222222222222222222222222222222222222222222222222222222222222222222222222222222222222222222222222222222222222222222222222222222222222222222277777777777777777777777777777777777777777777777777777777777777777777772222221
12222222222222222222222222222222222222222222222222222222222222222222222222222222222222222222222222222222222222222222222222222222222222222222222222222222277777777777777777777777777777777777777777777777777777777777777777777772222221
12222222222222222222222222222222222222222222222222222222222222222222222222222222222222222222222222222222222222222222222222222222222222222222222222222222277777777777777777777777777777777777777777777777777777777777777777777772222221
12222222222222222222222222222222222222222222222222222222222222222222222222222222222222222222222222222222222222222222222222222222222222222222222222222222277777777777777777777777777777777777777777777777777777777777777777777772222221
12222222222222222222222222222222222222222222222222222222222222222222222222222222222222222222222222222222222222222222222222222222222222222222222222222222277777777777777777777777777777777777777777777777777777777777777777777772222221
12222222222222222222222222222222222222222222222222222222222222222222222222222222222222222222222222222222222222222222222222222222222222222222222222222222277777777777777777777777777777777777777777777777777777777777777777777772222221
12222222222222222222222222222222222222222222222222222222222222222222222222222222222222222222222222222222222222222222222222222222222222222222222222222222277777777777777777777777777777777777777777777777777777777777777777777772222221
12222222222222222222222222222222222222222222222222222222222222222222222222222222222222222222222222222222222222222222222222222222222222222222222222222222277777777777777777777777777777777777777777777777777777777777777777777772222221
12222222222222222222222222222222222222222222222222222222222222222222222222222222222222222222222222222222222222222222222222222222222222222222222222222222277777777777777777777777777777777777777777777777777777777777777777777772222221
12222222222222222222222222222222222222222222222222222222222222222222222222222222222222222222222222222222222222222222222222222222222222222222222222222222277777777777777777777777777777777777777777777777777777777777777777777772222221
12222222222222222222222222222222222222222222222222222222222222222222222222222222222222222222222222222222222222222222222222222222222222222222222222222222277777777777777777777777777777777777777777777777777777777777777777777772222221
12222222222222222222222222222222222222222222222222222222222222222222222222222222222222222222222222222222222222222222222222222222222222222222222222222222277777777777777777777777777777777777777777777777777777777777777777777772222221
12222222222222222222222222222222222222222222222222222222222222222222222222222222222222222222222222222222222222222222222222222222222222222222222222222222277777777777777777777777777777777777777777777777777777777777777777777772222221
12222222222222222222222222222222222222222222222222222222222222222222222222222222222222222222222222222222222222222222222222222222222222222222222222222222277777777777777777777777777777777777777777777777777777777777777777777772222221
12222222222222222222222222222222222222222222222222222222222222222222222222222222222222222222222222222222222222222222222222222222222222222222222222222222277777777777777777777777777777777777777777777777777777777777777777777772222221
12222222222222222222222222222222222222222222222222222222222222222222222222222222222222222222222222222222222222222222222222222222222222222222222222222222277777777777777777777777777777777777777777777777777777777777777777777772222221
12222222222222222222222222222222222222222222222222222222222222222222222222222222222222222222222222222222222222222222222222222222222222222222222222222222277777777777777777777777777777777777777777777777777777777777777777777772222221
12222222222222222222222222222222222222222222222222222222222222222222222222222222222222222222222222222222222222222222222222222222222222222222222222222222277777777777777777777777777777777777777777777777777777777777777777777772222221
12222222222222222222222222222222222222222222222222222222222222222222222222222222222222222222222222222222222222222222222222222222222222222222222222222222277777777777777777777777777777777777777777777777777777777777777777777772222221
12222222222222222222222222222222222222222222222222222222222222222222222222222222222222222222222222222222222222222222222222222222222222222222222222222222277777777777777777777777777777777777777777777777777777777777777777777772222221
12222222222222222222222222222222222222222222222222222222222222222222222222222222222222222222222222222222222222222222222222222222222222222222222222222222277777777777777777777777777777777777777777777777777777777777777777777772222221
12222222222222222222222222222222222222222222222222222222222222222222222222222222222222222222222222222222222222222222222222222222222222222222222222222222277777777777777777777777777777777777777777777777777777777777777777777772222221
12222222222222222222222222222222222222222222222222222222222222222222222222222222222222222222222222222222222222222222222222222222222222222222222222222222277777777777777777777777777777777777777777777777777777777777777777777772222221
12222222222222222222222222222222222222222222222222222222222222222222222222222222222222222222222222222222222222222222222222222222222222222222222222222222277777777777777777777777777777777777777777777777777777777777777777777772222221
12222222222222222222222222222222222222222222222222222222222222222222222222222222222222222222222222222222222222222222222222222222222222222222222222222222277777777777777777777777777777777777777777777777777777777777777777777772222221
12222222222222222222222222222222222222222222222222222222222222222222222222222222222222222222222222222222222222222222222222222222222222222222222222222222277777777777777777777777777777777777777777777777777777777777777777777772222221
12222222222222222222222222222222222222222222222222222222222222222222222222222222222222222222222222222222222222222222222222222222222222222222222222222222277777777777777777777777777777777777777777777777777777777777777777777772222221
12222222222222222222222222222222222222222222222222222222222222222222222222222222222222222222222222222222222222222222222222222222222222222222222222222222277777777777777777777777777777777777777777777777777777777777777777777772222221
12222222222222222222222222222222222222222222222222222222222222222222222222222222222222222222222222222222222222222222222222222222222222222222222222222222277777777777777777777777777777777777777777777777777777777777777777777772222221
12222222222222222222222222222222222222222222222222222222222222222222222222222222222222222222222222222222222222222222222222222222222222222222222222222222277777777777777777777777777777777777777777777777777777777777777777777772222221
12222222222222222222222222222222222222222222222222222222222222222222222222222222222222222222222222222222222222222222222222222222222222222222222222222222277777777777777777777777777777777777777777777777777777777777777777777772222221
12222222222222222222222222222222222222222222222222222222222222222222222222222222222222222222222222222222222222222222222222222222222222222222222222222222277777777777777777777777777777777777777777777777777777777777777777777772222221
12222222222222222222222222222222222222222222222222222222222222222222222222222222222222222222222222222222222222222222222222222222222222222222222222222222277777777777777777777777777777777777777777777777777777777777777777777772222221
12222222222222222222222222222222222222222222222222222222222222222222222222222222222222222222222222222222222222222222222222222222222222222222222222222222277777777777777777777777777777777777777777777777777777777777777777777772222221
12222222222222222222222222222222222222222222222222222222222222222222222222222222222222222222222222222222222222222222222222222222222222222222222222222222277777777777777777777777777777777777777777777777777777777777777777777772222221
12222222222222222222222222222222222222222222222222222222222222222222222222222222222222222222222222222222222222222222222222222222222222222222222222222222277777777777777777777777777777777777777777777777777777777777777777777772222221
12222222222222222222222222222222222222227777777777777777777777777777777777777777777777777777777777777777777777777777777777777777777777777777222222222222277777777777777777777777777777777777777777777777777777777777777777777772222221
12222222222222222222222222222222222222227777777777777777777777777777777777777777777777777777777777777777777777777777777777777777777777777777222222222222277777777777777777777777777777777777777777777777777777777777777777777772222221
12222222222222222222222222222222222222227777777777777777777777777777777777777777777777777777777777777777777777777777777777777777777777777777222222222222277777777777777777777777777777777777777777777777777777777777777777777772222221
12222222222222222222222222222222222222227777777777777777777777777777777777777777777777777777777777777777777777777777777777777777777777777777222222222222277777777777777777777777777777777777777777777777777777777777777777777772222221
12222222222222222222222222222222222222227777777777777777777777777777777777777777777777777777777777777777777777777777777777777777777777777777222222222222277777777777777777777777777777777777777777777777777777777777777777777772222221
12222222222222222222222222222222222222227777777777777777777777777777777777777777777777777777777777777777777777777777777777777777777777777777222222222222277777777777777777777777777777777777777777777777777777777777777777777772222221
12222222222222222222222222222222222222227777777777777777777777777777777777777777777777777777777777777777777777777777777777777777777777777777222222222222277777777777777777777777777777777777777777777777777777777777777777777772222221
12222222222222222222222222222222222222227777777777777777777777777777777777777777777777777777777777777777777777777777777777777777777777777777222222222222277777777777777777777777777777777777777777777777777777777777777777777772222221
12222222222222222222222222222222222222227777777777777777777777777777777777777777777777777777777777777777777777777777777777777777777777777777222222222222277777777777777777777777777777777777777777777777777777777777777777777772222221
12222222222222222222222222222222222222227777777777777777777777777777777777777777777777777777777777777777777777777777777777777777777777777777222222222222277777777777777777777777777777777777777777777777777777777777777777777772222221
12222222222222222222222222222222222222227777777777777777777777777777777777777777777777777777777777777777777777777777777777777777777777777777222222222222277777777777777777777777777777777777777777777777777777777777777777777772222221
12222222222222222222222222222222222222227777777777777777777777777777777777777777777777777777777777777777777777777777777777777777777777777777222222222222277777777777777777777777777777777777777777777777777777777777777777777772222221
12222222222222222222222222222222222222227777777777777777777777777777777777777777777777777777777777777777777777777777777777777777777777777777222222222222277777777777777777777777777777777777777777777777777777777777777777777772222221
12222222222222222222222222222222222222227777777777777777777777777777777777777777777777777777777777777777777777777777777777777777777777777777222222222222277777777777777777777777777777777777777777777777777777777777777777777772222221
12222222222222222222222222222222222222227777777777777777777777777777777777777777777777777777777777777777777777777777777777777777777777777777222222222222277777777777777777777777777777777777777777777777777777777777777777777772222221
12222222222222222222222222222222222222227777777777777777777777777777777777777777777777777777777777777777777777777777777777777777777777777777222222222222277777777777777777777777777777777777777777777777777777777777777777777772222221
12222222222222222222222222222222222222227777777777777777777777777777777777777777777777777777777777777777777777777777777777777777777777777777222222222222277777777777777777777777777777777777777777777777777777777777777777777772222221
12222222222222222222222222222222222222227777777777777777777777777777777777777777777777777777777777777777777777777777777777777777777777777777222222222222277777777777777777777777777777777777777777777777777777777777777777777772222221
12222222222222222222222222222222222222227777777777777777777777777777777777777777777777777777777777777777777777777777777777777777777777777777222222222222277777777777777777777777777777777777777777777777777777777777777777777772222221
12222222222222222222222222222222222222227777777777777777777777777777777777777777777777777777777777777777777777777777777777777777777777777777222222222222277777777777777777777777777777777777777777777777777777777777777777777772222221
12222222222222222222222222222222222222227777777777777777777777777777777777777777777777777777777777777777777777777777777777777777777777777777222222222222277777777777777777777777777777777777777777777777777777777777777777777772222221
12222222222222222222222222222222222222227777777777777777777777777777777777777777777777777777777777777777777777777777777777777777777777777777222222222222277777777777777777777777777777777777777777777777777777777777777777777772222221
12222222222222222222222222222222222222227777777777777777777777777777777777777777777777777777777777777777777777777777777777777777777777777777222222222222277777777777777777777777777777777777777777777777777777777777777777777772222221
12222222222222222222222222222222222222227777777777777777777777777777777777777777777777777777777777777777777777777777777777777777777777777777222222222222277777777777777777777777777777777777777777777777777777777777777777777772222221
12222222222222222222222222222222222222227777777777777777777777777777777777777777777777777777777777777777777777777777777777777777777777777777222222222222277777777777777777777777777777777777777777777777777777777777777777777772222221
12222222222222222222222222222222222222227777777777777777777777777777777777777777777777777777777777777777777777777777777777777777777777777777222222222222277777777777777777777777777777777777777777777777777777777777777777777772222221
12222222222222222222222222222222222222227777777777777777777777777777777777777777777777777777777777777777777777777777777777777777777777777777222222222222277777777777777777777777777777777777777777777777777777777777777777777772222221
12222222222222222222222222222222222222227777777777777777777777777777777777777777777777777777777777777777777777777777777777777777777777777777222222222222277777777777777777777777777777777777777777777777777777777777777777777772222221
12222222222222222222222222222222222222227777777777777777777777777777777777777777777777777777777777777777777777777777777777777777777777777777222222222222277777777777777777777777777777777777777777777777777777777777777777777772222221
12222222222222222222222222222222222222227777777777777777777777777777777777777777777777777777777777777777777777777777777777777777777777777777222222222222222222222222222222222222222222222222222222222222222222222222222222222222222221
12222222222222222222222222222222222222227777777777777777777777777777777777777777777777777777777777777777777777777777777777777777777777777777222222222222222222222222222222222222222222222222222222222222222222222222222222222222222221
12222222222222222222222222222222222222227777777777777777777777777777777777777777777777777777777777777777777777777777777777777777777777777777222222222222222222222222222222222222222222222222222222222222222222222222222222222222222221
12222222222222222222222222222222222222227777777777777777777777777777777777777777777777777777777777777777777777777777777777777777777777777777222222222222222222222222222222222222222222222222222222222222222222222222222222222222222221
12222222222222222222222222222222222222227777777777777777777777777777777777777777777777777777777777777777777777777777777777777777777777777777222222222222222222222222222222222222222222222222222222222222222222222222222222222222222221
12222222222222222222222222222222222222227777777777777777777777777777777777777777777777777777777777777777777777777777777777777777777777777777222222222222222222222222222222222222222222222222222222222222222222222222222222222222222221
12222222222222222222222222222222222222227777777777777777777777777777777777777777777777777777777777777777777777777777777777777777777777777777222222222222222222222222222222222222222222222222222222222222222222222222222222222222222221
12222222222222222222222222222222222222227777777777777777777777777777777777777777777777777777777777777777777777777777777777777777777777777777222222222222222222222222222222222222222222222222222222222222222222222222222222222222222221
12222222222222222222222222222222222222227777777777777777777777777777777777777777777777777777777777777777777777777777777777777777777777777777222222222222222222222222222222222222222222222222222222222222222222222222222222222222222221
12222222222222222222222222222222222222227777777777777777777777777777777777777777777777777777777777777777777777777777777777777777777777777777222222222222222222222222222222222222222222222222222222222222222222222222222222222222222221
12222222222222222222222222222222222222227777777777777777777777777777777777777777777777777777777777777777777777777777777777777777777777777777222222222222222222222222222222222222222222222222222222222222222222222222222222222222222221
12222222222222222222222222222222222222227777777777777777777777777777777777777777777777777777777777777777777777777777777777777777777777777777222222222222222222222222222222222222222222222222222222222222222222222222222222222222222221
12222222222222222222222222222222222222227777777777777777777777777777777777777777777777777777777777777777777777777777777777777777777777777777222222222222222222222222222222222222222222222222222222222222222222222222222222222222222221
12222222222222222222222222222222222222227777777777777777777777777777777777777777777777777777777777777777777777777777777777777777777777777777222222222222222222222222222222222222222222222222222222222222222222222222222222222222222221
12222222222222222222222222222222222222227777777777777777777777777777777777777777777777777777777777777777777777777777777777777777777777777777222222222222222222222222222222222222222222222222222222222222222222222222222222222222222221
12222222222222222222222222222222222222227777777777777777777777777777777777777777777777777777777777777777777777777777777777777777777777777777222222222222222222222222222222222222222222222222222222222222222222222222222222222222222221
12222222222222222222222222222222222222227777777777777777777777777777777777777777777777777777777777777777777777777777777777777777777777777777222222222222222222222222222222222222222222222222222222222222222222222222222222222222222221
12222222222222222222222222222222222222227777777777777777777777777777777777777777777777777777777777777777777777777777777777777777777777777777222222222222222222222222222222222222222222222222222222222222222222222222222222222222222221
12222222222222222222222222222222222222227777777777777777777777777777777777777777777777777777777777777777777777777777777777777777777777777777222222222222222222222222222222222222222222222222222222222222222222222222222222222222222221
12222222222222222222222222222222222222227777777777777777777777777777777777777777777777777777777777777777777777777777777777777777777777777777222222222222222222222222222222222222222222222222222222222222222222222222222222222222222221
12222222222222222222222222222222222222227777777777777777777777777777777777777777777777777777777777777777777777777777777777777777777777777777222222222222222222222222222222222222222222222222222222222222222222222222222222222222222221
12222222222222222222222222222222222222227777777777777777777777777777777777777777777777777777777777777777777777777777777777777777777777777777222222222222222222222222222222222222222222222222222222222222222222222222222222222222222221
12222222222222222222222222222222222222227777777777777777777777777777777777777777777777777777777777777777777777777777777777777777777777777777222222222222222222222222222222222222222222222222222222222222222222222222222222222222222221
12222222222222222222222222222222222222227777777777777777777777777777777777777777777777777777777777777777777777777777777777777777777777777777222222222222222222222222222222222222222222222222222222222222222222222222222222222222222221
12222222222222222222222222222222222222227777777777777777777777777777777777777777777777777777777777777777777777777777777777777777777777777777222222222222222222222222222222222222222222222222222222222222222222222222222222222222222221
12222222222222222222222222222222222222227777777777777777777777777777777777777777777777777777777777777777777777777777777777777777777777777777222222222222222222222222222222222222222222222222222222222222222222222222222222222222222221
12222222222222222222222222222222222222227777777777777777777777777777777777777777777777777777777777777777777777777777777777777777777777777777222222222222222222222222222222222222222222222222222222222222222222222222222222222222222221
12222222222222222222222222222222222222227777777777777777777777777777777777777777777777777777777777777777777777777777777777777777777777777777222222222222222222222222222222222222222222222222222222222222222222222222222222222222222221
12222222222222222222222222222222222222227777777777777777777777777777777777777777777777777777777777777777777777777777777777777777777777777777222222222222222222222222222222222222222222222222222222222222222222222222222222222222222221
12222222222222222222222222222222222222227777777777777777777777777777777777777777777777777777777777777777777777777777777777777777777777777777222222222222222222222222222222222222222222222222222222222222222222222222222222222222222221
12222222222222222222222222222222222222227777777777777777777777777777777777777777777777777777777777777777777777777777777777777777777777777777222222222222222222222222222222222222222222222222222222222222222222222222222222222222222221
12222222222222222222222222222222222222227777777777777777777777777777777777777777777777777777777777777777777777777777777777777777777777777777222222222222222222222222222222222222222222222222222222222222222222222222222222222222222221
12222222222222222222222222222222222222227777777777777777777777777777777777777777777777777777777777777777777777777777777777777777777777777777222222222222222222222222222222222222222222222222222222222222222222222222222222222222222221
12222222222222222222222222222222222222227777777777777777777777777777777777777777777777777777777777777777777777777777777777777777777777777777222222222222222222222222222222222222222222222222222222222222222222222222222222222222222221
12222222222222222222222222222222222222227777777777777777777777777777777777777777777777777777777777777777777777777777777777777777777777777777222222222222222222222222222222222222222222222222222222222222222222222222222222222222222221
12222222222222222222222222222222222222227777777777777777777777777777777777777777777777777777777777777777777777777777777777777777777777777777222222222222222222222222222222222222222222222222222222222222222222222222222222222222222221
12222222222222222222222222222222222222227777777777777777777777777777777777777777777777777777777777777777777777777777777777777777777777777777222222222222222222222222222222222222222222222222222222222222222222222222222222222222222221
12222222222222222222222222222222222222227777777777777777777777777777777777777777777777777777777777777777777777777777777777777777777777777777222222222222222222222222222222222222222222222222222222222222222222222222222222222222222221
12222222222222222222222222222222222222227777777777777777777777777777777777777777777777777777777777777777777777777777777777777777777777777777222222222222222222222227777777777777777777777777777777777777777777777777722222222222222221
12222222222222222222222222222222222222227777777777777777777777777777777777777777777777777777777777777777777777777777777777777777777777777777222222222222222222222227777777777777777777777777777777777777777777777777722222222222222221
12222222222222222222222222222222222222227777777777777777777777777777777777777777777777777777777777777777777777777777777777777777777777777777222222222222222222222227777777777777777777777777777777777777777777777777722222222222222221
12222222222222222222222222222222222222227777777777777777777777777777777777777777777777777777777777777777777777777777777777777777777777777777222222222222222222222227777777777777777777777777777777777777777777777777722222222222222221
12222222222222222222222222222222222222227777777777777777777777777777777777777777777777777777777777777777777777777777777777777777777777777777222222222222222222222227777777777777777777777777777777777777777777777777722222222222222221
12222222222222222222222222222222222222227777777777777777777777777777777777777777777777777777777777777777777777777777777777777777777777777777222222222222222222222227777777777777777777777777777777777777777777777777722222222222222221
12222222222222222222222222222222222222227777777777777777777777777777777777777777777777777777777777777777777777777777777777777777777777777777222222222222222222222227777777777777777777777777777777777777777777777777722222222222222221
12222222222222222222222222222222222222227777777777777777777777777777777777777777777777777777777777777777777777777777777777777777777777777777222222222222222222222227777777777777777777777777777777777777777777777777722222222222222221
12222222222222222222222222222222222222227777777777777777777777777777777777777777777777777777777777777777777777777777777777777777777777777777222222222222222222222227777777777777777777777777777777777777777777777777722222222222222221
12222222222222222222222222222222222222227777777777777777777777777777777777777777777777777777777777777777777777777777777777777777777777777777222222222222222222222227777777777777777777777777777777777777777777777777722222222222222221
12222222222222222222222222222222222222227777777777777777777777777777777777777777777777777777777777777777777777777777777777777777777777777777222222222222222222222227777777777777777777777777777777777777777777777777722222222222222221
12222222222222222222222222222222222222227777777777777777777777777777777777777777777777777777777777777777777777777777777777777777777777777777222222222222222222222227777777777777777777777777777777777777777777777777722222222222222221
12222222222222222222222222222222222222227777777777777777777777777777777777777777777777777777777777777777777777777777777777777777777777777777222222222222222222222227777777777777777777777777777777777777777777777777722222222222222221
12222222222222222222222222222222222222227777777777777777777777777777777777777777777777777777777777777777777777777777777777777777777777777777222222222222222222222227777777777777777777777777777777777777777777777777722222222222222221
12222222222222222222222222222222222222227777777777777777777777777777777777777777777777777777777777777777777777777777777777777777777777777777222222222222222222222227777777777777777777777777777777777777777777777777722222222222222221
12222222222222222222222222222222222222227777777777777777777777777777777777777777777777777777777777777777777777777777777777777777777777777777222222222222222222222227777777777777777777777777777777777777777777777777722222222222222221
12222222222222222222222222222222222222227777777777777777777777777777777777777777777777777777777777777777777777777777777777777777777777777777222222222222222222222227777777777777777777777777777777777777777777777777722222222222222221
12222222222222222222222222222222222222227777777777777777777777777777777777777777777777777777777777777777777777777777777777777777777777777777222222222222222222222227777777777777777777777777777777777777777777777777722222222222222221
12222222222222222222222222222222222222227777777777777777777777777777777777777777777777777777777777777777777777777777777777777777777777777777222222222222222222222227777777777777777777777777777777777777777777777777722222222222222221
12222222222222222222222222222222222222227777777777777777777777777777777777777777777777777777777777777777777777777777777777777777777777777777222222222222222222222227777777777777777777777777777777777777777777777777722222222222222221
12222222222222222222222222222222222222227777777777777777777777777777777777777777777777777777777777777777777777777777777777777777777777777777222222222222222222222227777777777777777777777777777777777777777777777777722222222222222221
12222222222222222222222222222222222222227777777777777777777777777777777777777777777777777777777777777777777777777777777777777777777777777777222222222222222222222227777777777777777777777777777777777777777777777777722222222222222221
12222222222222222222222222222222222222227777777777777777777777777777777777777777777777777777777777777777777777777777777777777777777777777777222222222222222222222227777777777777777777777777777777777777777777777777722222222222222221
12222222222222222222222222222222222222227777777777777777777777777777777777777777777777777777777777777777777777777777777777777777777777777777222222222222222222222227777777777777777777777777777777777777777777777777722222222222222221
12222222222222222222222222222222222222227777777777777777777777777777777777777777777777777777777777777777777777777777777777777777777777777777222222222222222222222227777777777777777777777777777777777777777777777777722222222222222221
12222222222222222222222222222222222222227777777777777777777777777777777777777777777777777777777777777777777777777777777777777777777777777777222222222222222222222227777777777777777777777777777777777777777777777777722222222222222221
12222222222222222222222222222222222222227777777777777777777777777777777777777777777777777777777777777777777777777777777777777777777777777777222222222222222222222227777777777777777777777777777777777777777777777777722222222222222221
12222222222222222222222222222222222222227777777777777777777777777777777777777777777777777777777777777777777777777777777777777777777777777777222222222222222222222227777777777777777777777777777777777777777777777777722222222222222221
12222222222222222222222222222222222222227777777777777777777777777777777777777777777777777777777777777777777777777777777777777777777777777777222222222222222222222227777777777777777777777777777777777777777777777777722222222222222221
12222222222222222222222222222222222222227777777777777777777777777777777777777777777777777777777777777777777777777777777777777777777777777777222222222222222222222227777777777777777777777777777777777777777777777777722222222222222221
12222222222222222222222222222222222222227777777777777777777777777777777777777777777777777777777777777777777777777777777777777777777777777777222222222222222222222227777777777777777777777777777777777777777777777777722222222222222221
12222222222222222222222222222222222222227777777777777777777777777777777777777777777777777777777777777777777777777777777777777777777777777777222222222222222222222227777777777777777777777777777777777777777777777777722222222222222221
12222222222222222222222222222222222222227777777777777777777777777777777777777777777777777777777777777777777777777777777777777777777777777777222222222222222222222227777777777777777777777777777777777777777777777777722222222222222221
12222222222222222222222222222222222222222222222222222222222222222222222222222222222222222222222222222222222222222222222222222222222222222222222222222222222222222227777777777777777777777777777777777777777777777777722222222222222221
12222222222222222222222222222222222222222222222222222222222222222222222222222222222222222222222222222222222222222222222222222222222222222222222222222222222222222227777777777777777777777777777777777777777777777777722222222222222221
12222222222222222222222222222222222222222222222222222222222222222222222222222222222222222222222222222222222222222222222222222222222222222222222222222222222222222227777777777777777777777777777777777777777777777777722222222222222221
12222222222222222222222222222222222222222222222222222222222222222222222222222222222222222222222222222222222222222222222222222222222222222222222222222222222222222227777777777777777777777777777777777777777777777777722222222222222221
12222222222222222222222222222222222222222222222222222222222222222222222222222222222222222222222222222222222222222222222222222222222222222222222222222222222222222227777777777777777777777777777777777777777777777777722222222222222221
12222222222222222222222222222222222222222222222222222222222222222222222222222222222222222222222222222222222222222222222222222222222222222222222222222222222222222227777777777777777777777777777777777777777777777777722222222222222221
12222222222222222222222222222222222222222222222222222222222222222222222222222222222222222222222222222222222222222222222222222222222222222222222222222222222222222227777777777777777777777777777777777777777777777777722222222222222221
12222222222222222222222222222222222222222222222222222222222222222222222222222222222222222222222222222222222222222222222222222222222222222222222222222222222222222227777777777777777777777777777777777777777777777777722222222222222221
12222222222222222222222222222222222222222222222222222222222222222222222222222222222222222222222222222222222222222222222222222222222222222222222222222222222222222227777777777777777777777777777777777777777777777777722222222222222221
12222222222222222222222222222222222222222222222222222222222222222222222222222222222222222222222222222222222222222222222222222222222222222222222222222222222222222227777777777777777777777777777777777777777777777777722222222222222221
12222222222222222222222222222222222222222222222222222222222222222222222222222222222222222222222222222222222222222222222222222222222222222222222222222222222222222227777777777777777777777777777777777777777777777777722222222222222221
12222222222222222222222222222222222222222222222222222222222222222222222222222222222222222222222222222222222222222222222222222222222222222222222222222222222222222227777777777777777777777777777777777777777777777777722222222222222221
12222222222222222222222222222222222222222222222222222222222222222222222222222222222222222222222222222222222222222222222222222222222222222222222222222222222222222227777777777777777777777777777777777777777777777777722222222222222221
12222222222222222222222222222222222222222222222222222222222222222222222222222222222222222222222222222222222222222222222222222222222222222222222222222222222222222227777777777777777777777777777777777777777777777777722222222222222221
12222222222222222222222222222222222222222222222222222222222222222222222222222222222222222222222222222222222222222222222222222222222222222222222222222222222222222227777777777777777777777777777777777777777777777777722222222222222221
12222222222222222222222222222222222222222222222222222222222222222222222222222222222222222222222222222222222222222222222222222222222222222222222222222222222222222227777777777777777777777777777777777777777777777777722222222222222221
12222222222222222222222222222222222222222222222222222222222222222222222222222222222222222222222222222222222222222222222222222222222222222222222222222222222222222227777777777777777777777777777777777777777777777777722222222222222221
12222222222222222222222222222222222222222222222222222222222222222222222222222222222222222222222222222222222222222222222222222222222222222222222222222222222222222222222222222222222222222222222222222222222222222222222222222222222221
12222222222222222222222222222222222222222222222222222222222222222222222222222222222222222222222222222222222222222222222222222222222222222222222222222222222222222222222222222222222222222222222222222222222222222222222222222222222221
12222222222222222222222222222222222222222222222222222222222222222222222222222222222222222222222222222222222222222222222222222222222222222222222222222222222222222222222222222222222222222222222222222222222222222222222222222222222221
12222222222222222222222222222222222222222222222222222222222222222222222222222222222222222222222222222222222222222222222222222222222222222222222222222222222222222222222222222222222222222222222222222222222222222222222222222222222221
12222222222222222222222222222222222222222222222222222222222222222222222222222222222222222222222222222222222222222222222222222222222222222222222222222222222222222222222222222222222222222222222222222222222222222222222222222222222221
12222222222222222222222222222222222222222222222222222222222222222222222222222222222222222222222222222222222222222222222222222222222222222222222222222222222222222222222222222222222222222222222222222222222222222222222222222222222221
12222222222222222222222222222222222222222222222222222222222222222222222222222222222222222222222222222222222222222222222222222222222222222222222222222222222222222222222222222222222222222222222222222222222222222222222222222222222221
12222222222222222222222222222222222222222222222222222222222222222222222222222222222222222222222222222222222222222222222222222222222222222222222222222222222222222222222222222222222222222222222222222222222222222222222222222222222221
12222222222222222222222222222222222222222222222222222222222222222222222222222222222222222222222222222222222222222222222222222222222222222222222222222222222222222222222222222222222222222222222222222222222222222222222222222222222221
12222222222222222222222222222222222222222222222222222222222222222222222222222222222222222222222222222222222222222222222222222222222222222222222222222222222222222222222222222222222222222222222222222222222222222222222222222222222221
12222222222222222222222222222222222222222222222222222222222222222222222222222222222222222222222222222222222222222222222222222222222222222222222222222222222222222222222222222222222222222222222222222222222222222222222222222222222221
12222222222222222222222222222222222222222222222222222222222222222222222222222222222222222222222222222222222222222222222222222222222222222222222222222222222222222222222222222222222222222222222222222222222222222222222222222222222221
12222222222222222222222222222222222222222222222222222222222222222222222222222222222222222222222222222222222222222222222222222222222222222222222222222222222222222222222222222222222222222222222222222222222222222222222222222222222221
12222222222222222222222222222222222222222222222222222222222222222222222222222222222222222222222222222222222222222222222222222222222222222222222222222222222222222222222222222222222222222222222222222222222222222222222222222222222221
12222222222222222222222222222222222222222222222222222222222222222222222222222222222222222222222222222222222222222222222222222222222222222222222222222222222222222222222222222222222222222222222222222222222222222222222222222222222221
12222222222222222222222222222222222222222222222222222222222222222222222222222222222222222222222222222222222222222222222222222222222222222222222222222222222222222222222222222222222222222222222222222222222222222222222222222222222221
12222222222222222222222222222222222222222222222222222222222222222222222222222222222222222222222222222222222222222222222222222222222222222222222222222222222222222222222222222222222222222222222222222222222222222222222222222222222221
12222222222222222222222222222222222222222222222222222222222222222222222222222222222222222222222222222222222222222222222222222222222222222222222222222222222222222222222222222222222222222222222222222222222222222222222222222222222221
12222222222222222222222222222222222222222222222222222222222222222222222222222222222222222222222222222222222222222222222222222222222222222222222222222222222222222222222222222222222222222222222222222222222222222222222222222222222221
12222222222222222222222222222222222222222222222222222222222222222222222222222222222222222222222222222222222222222222222222222222222222222222222222222222222222222222222222222222222222222222222222222222222222222222222222222222222221
12222222222222222222222222222222222222222222222222222222222222222222222222222222222222222222222222222222222222222222222222222222222222222222222222222222222222222222222222222222222222222222222222222222222222222222222222222222222221
12222222222222222222222222222222222222222222222222222222222222222222222222222222222222222222222222222222222222222222222222222222222222222222222222222222222222222222222222222222222222222222222222222222222222222222222222222222222221
12222222222222222222222222222222222222222222222222222222222222222222222222222222222222222222222222222222222222222222222222222222222222222222222222222222222222222222222222222222222222222222222222222222222222222222222222222222222221
12222222222222222222222222222222222222222222222222222222222222222222222222222222222222222222222222222222222222222222222222222222222222222222222222222222222222222222222222222222222222222222222222222222222222222222222222222222222221
12222222222222222222222222222222222222222222222222222222222222222222222222222222222222222222222222222222222222222222222222222222222222222222222222222222222222222222222222222222222222222222222222222222222222222222222222222222222221
12222222222222222222222222222222222222222222222222222222222222222222222222222222222222222222222222222222222222222222222222222222222222222222222222222222222222222222222222222222222222222222222222222222222222222222222222222222222221
12222222222222222222222222222222222222222222222222222222222222222222222222222222222222222222222222222222222222222222222222222222222222222222222222222222222222222222222222222222222222222222222222222222222222222222222222222222222221
12222222222222222222222222222222222222222222222222222222222222222222222222222222222222222222222222222222222222222222222222222222222222222222222222222222222222222222222222222222222222222222222222222222222222222222222222222222222221
12222222222222222222222222222222222222222222222222222222222222222222222222222222222222222222222222222222222222222222222222222222222222222222222222222222222222222222222222222222222222222222222222222222222222222222222222222222222221
12222222222222222222222222222222222222222222222222222222222222222222222222222222222222222222222222222222222222222222222222222222222222222222222222222222222222222222222222222222222222222222222222222222222222222222222222222222222221
12222222222222222222222222222222222222222222222222222222222222222222222222222222222222222222222222222222222222222222222222222222222222222222222222222222222222222222222222222222222222222222222222222222222222222222222222222222222221
12222222222222222222222222222222222222222222222222222222222222222222222222222222222222222222222222222222222222222222222222222222222222222222222222222222222222222222222222222222222222222222222222222222222222222222222222222222222221
12222222222222222222222222222222222222222222222222222222222222222222222222222222222222222222222222222222222222222222222222222222222222222222222222222222222222222222222222222222222222222222222222222222222222222222222222222222222221
12222222222222222222222222222222222222222222222222222222222222222222222222222222222222222222222222222222222222222222222222222222222222222222222222222222222222222222222222222222222222222222222222222222222222222222222222222222222221
12222222222222222222222222222222222222222222222222222222222222222222222222222222222222222222222222222222222222222222222222222222222222222222222222222222222222222222222222222222222222222222222222222222222222222222222222222222222221
12222222222222222222222222222222222222222222222222222222222222222222222222222222222222222222222222222222222222222222222222222222222222222222222222222222222222222222222222222222222222222222222222222222222222222222222222222222222221
12222222222222222222222222222222222222222222222222222222222222222222222222222222222222222222222222222222222222222222222222222222222222222222222222222222222222222222222222222222222222222222222222222222222222222222222222222222222221
12222222222222222222222222222222222222222222222222222222222222222222222222222222222222222222222222222222222222222222222222222222222222222222222222222222222222222222222222222222222222222222222222222222222222222222222222222222222221
12222222222222222222222222222222222222222222222222222222222222222222222222222222222222222222222222222222222222222222222222222222222222222222222222222222222222222222222222222222222222222222222222222222222222222222222222222222222221
12222222222222222222222222222222222222222222222222222222222222222222222222222222222222222222222222222222222222222222222222222222222222222222222222222222222222222222222222222222222222222222222222222222222222222222222222222222222221
12222222222222222222222222222222222222222222222222222222222222222222222222222222222222222222222222222222222222222222222222222222222222222222222222222222222222222222222222222222222222222222222222222222222222222222222222222222222221
12222222222222222222222222222222222222222222222222222222222222222222222222222222222222222222222222222222222222222222222222222222222222222222222222222222222222222222222222222222222222222222222222222222222222222222222222222222222221
12222222222222222222222222222222222222222222222222222222222222222222222222222222222222222222222222222222222222222222222222222222222222222222222222222222222222222222222222222222222222222222222222222222222222222222222222222222222221
12222222222222222222222222222222222222222222222222222222222222222222222222222222222222222222222222222222222222222222222222222222222222222222222222222222222222222222222222222222222222222222222222222222222222222222222222222222222221
12222222222222222222222222222222222222222222222222222222222222222222222222222222222222222222222222222222222222222222222222222222222222222222222222222222222222222222222222222222222222222222222222222222222222222222222222222222222221
12222222222222222222222222222222222222222222222222222222222222222222222222222222222222222222222222222222222222222222222222222222222222222222222222222222222222222222222222222222222222222222222222222222222222222222222222222222222221
12222222222222222222222222222222222222222222222222222222222222222222222222222222222222222222222222222222222222222222222222222222222222222222222222222222222222222222222222222222222222222222222222222222222222222222222222222222222221
12222222222222222222222222222222222222222222222222222222222222222222222222222222222222222222222222222222222222222222222222222222222222222222222222222222222222222222222222222222222222222222222222222222222222222222222222222222222221
12222222222222222222222222222222222222222222222222222222222222222222222222222222222222222222222222222222222222222222222222222222222222222222222222222222222222222222222222222222222222222222222222222222222222222222222222222222222221
12222222222222222222222222222222222222222222222222222222222222222222222222222222222222222222222222222222222222222222222222222222222222222222222222222222222222222222222222222222222222222222222222222222222222222222222222222222222221
12222222222222222222222222222222222222222222222222222222222222222222222222222222222222222222222222222222222222222222222222222222222222222222222222222222222222222222222222222222222222222222222222222222222222222222222222222222222221
12222222222222222222222222222222222222222222222222222222222222222222222222222222222222222222222222222222222222222222222222222222222222222222222222222222222222222222222222222222222222222222222222222222222222222222222222222222222221
12222222222222222222222222222222222222222222222222222222222222222222222222222222222222222222222222222222222222222222222222222222222222222222222222222222222222222222222222222222222222222222222222222222222222222222222222222222222221
12222222222222222222222222222222222222222222222222222222222222222222222222222222222222222222222222222222222222222222222222222222222222222222222222222222222222222222222222222222222222222222222222222222222222222222222222222222222221
12222222222222222222222222222222222222222222222222222222222222222222222222222222222222222222222222222222222222222222222222222222222222222222222222222222222222222222222222222222222222222222222222222222222222222222222222222222222221
12222222222222222222222222222222222222222222222222222222222222222222222222222222222222222222222222222222222222222222222222222222222222222222222222222222222222222222222222222222222222222222222222222222222222222222222222222222222221
12222222222222222222222222222222222222222222222222222222222222222222222222222222222222222222222222222222222222222222222222222222222222222222222222222222222222222222222222222222222222222222222222222222222222222222222222222222222221
12222222222222222222222222222222222222222222222222222222222222222222222222222222222222222222222222222222222222222222222222222222222222222222222222222222222222222222222222222222222222222222222222222222222222222222222222222222222221
12222222222222222222222222222222222222222222222222222222222222222222222222222222222222222222222222222222222222222222222222222222222222222222222222222222222222222222222222222222222222222222222222222222222222222222222222222222222221
12222222222222222222222222222222222222222222222222222222222222222222222222222222222222222222222222222222222222222222222222222222222222222222222222222222222222222222222222222222222222222222222222222222222222222222222222222222222221
12222222222222222222222222222222222222222222222222222222222222222222222222222222222222222222222222222222222222222222222222222222222222222222222222222222222222222222222222222222222222222222222222222222222222222222222222222222222221
11111111111111111111111111111111111111111111111111111111111111111111111111111111111111111111111111111111111111111111111111111111111111111111111111111111111111111111111111111111111111111111111111111111111111111111111111111111111111